,class,score,frame_num,imdb_id
0,not_horse,1.0,0,51866
1,not_horse,0.9999998807907104,24,51866
2,not_horse,0.5588175058364868,48,51866
3,not_horse,0.9886093139648438,72,51866
4,not_horse,0.9615586400032043,96,51866
5,not_horse,0.9965171813964844,120,51866
6,not_horse,0.9998272061347958,144,51866
7,not_horse,0.9999102354049684,168,51866
8,not_horse,0.9995593428611756,192,51866
9,not_horse,0.9951466917991638,216,51866
10,not_horse,1.0,240,51866
11,not_horse,1.0,264,51866
12,not_horse,0.8328555822372437,288,51866
13,not_horse,0.8171390295028687,312,51866
14,not_horse,0.8165525794029236,336,51866
15,not_horse,0.8058344125747681,360,51866
16,not_horse,0.9805392026901244,384,51866
17,not_horse,0.9982635378837584,408,51866
18,not_horse,0.9981837868690492,432,51866
19,not_horse,0.998643696308136,456,51866
20,not_horse,0.9993071556091307,480,51866
21,not_horse,0.9787188172340392,504,51866
22,not_horse,0.9952887296676636,528,51866
23,not_horse,0.9947453737258912,552,51866
24,not_horse,0.9988576173782348,576,51866
25,not_horse,0.983994483947754,600,51866
26,horse,0.2929655611515045,624,51866
27,not_horse,0.9988036155700684,648,51866
28,not_horse,0.9979856014251708,672,51866
29,not_horse,0.99978905916214,696,51866
30,not_horse,0.9991888403892516,720,51866
31,not_horse,0.9996230602264404,744,51866
32,not_horse,0.9966599941253662,768,51866
33,not_horse,0.9982041120529176,792,51866
34,not_horse,0.9937532544136048,816,51866
35,not_horse,0.9809355735778807,840,51866
36,not_horse,0.97051739692688,864,51866
37,horse,0.4785012304782867,888,51866
38,not_horse,1.0,912,51866
39,not_horse,0.9999983310699464,936,51866
40,not_horse,0.9999986886978148,960,51866
41,not_horse,0.9991194605827332,984,51866
42,not_horse,0.9998979568481444,1008,51866
43,not_horse,0.9999997615814208,1032,51866
44,not_horse,0.8023562431335449,1056,51866
45,not_horse,0.9995937943458556,1080,51866
46,not_horse,0.9998818635940552,1104,51866
47,not_horse,0.9987565279006958,1128,51866
48,not_horse,0.9980393052101136,1152,51866
49,not_horse,0.9996625185012816,1176,51866
50,not_horse,0.9979937076568604,1200,51866
51,not_horse,0.9998847246170044,1224,51866
52,not_horse,0.9993915557861328,1248,51866
53,not_horse,0.9999823570251464,1272,51866
54,not_horse,0.9999164342880248,1296,51866
55,not_horse,0.9309619665145874,1320,51866
56,not_horse,0.9999316930770874,1344,51866
57,not_horse,0.9913892149925232,1368,51866
58,not_horse,0.9999998807907104,1392,51866
59,not_horse,0.9970287680625916,1416,51866
60,not_horse,0.999950647354126,1440,51866
61,not_horse,0.9991673231124878,1464,51866
62,not_horse,0.9937361478805542,1488,51866
63,not_horse,0.9902507066726683,1512,51866
64,not_horse,0.9921057224273682,1536,51866
65,not_horse,0.9944354295730592,1560,51866
66,not_horse,0.9767624735832214,1584,51866
67,not_horse,0.9880196452140808,1608,51866
68,not_horse,0.9888483285903932,1632,51866
69,not_horse,0.9934027791023254,1656,51866
70,not_horse,0.9997478127479552,1680,51866
71,not_horse,0.9903929829597472,1704,51866
72,not_horse,0.9164603352546692,1728,51866
73,not_horse,0.8947206139564514,1752,51866
74,not_horse,0.9638210535049438,1776,51866
75,not_horse,0.9910616874694824,1800,51866
76,not_horse,0.972126841545105,1824,51866
77,not_horse,0.9934219717979432,1848,51866
78,not_horse,0.9683083295822144,1872,51866
79,not_horse,0.999338448047638,1896,51866
80,not_horse,0.999907612800598,1920,51866
81,not_horse,0.9992607235908508,1944,51866
82,not_horse,0.9985480904579164,1968,51866
83,not_horse,0.9992677569389344,1992,51866
84,not_horse,0.998284637928009,2016,51866
85,not_horse,0.9951255917549132,2040,51866
86,not_horse,0.9988428354263306,2064,51866
87,not_horse,0.9998025298118592,2088,51866
88,not_horse,0.9657660126686096,2112,51866
89,horse,0.329062283039093,2136,51866
90,not_horse,0.8892279267311096,2160,51866
91,not_horse,0.9651811122894288,2184,51866
92,not_horse,0.93876713514328,2208,51866
93,not_horse,0.9180100560188292,2232,51866
94,not_horse,0.7721300721168518,2256,51866
95,not_horse,0.8667990565299988,2280,51866
96,not_horse,0.8127499222755432,2304,51866
97,not_horse,0.8093342781066895,2328,51866
98,not_horse,0.8973231911659241,2352,51866
99,not_horse,0.8679884076118469,2376,51866
100,not_horse,0.9909223914146424,2400,51866
101,not_horse,0.9927817583084106,2424,51866
102,not_horse,0.9895087480545044,2448,51866
103,not_horse,0.9999969005584716,2472,51866
104,not_horse,0.9978227615356444,2496,51866
105,not_horse,0.9849351644515992,2520,51866
106,not_horse,0.9996212720870972,2544,51866
107,not_horse,0.9992903470993042,2568,51866
108,not_horse,0.9997919201850892,2592,51866
109,not_horse,0.9999163150787354,2616,51866
110,not_horse,0.999998927116394,2640,51866
111,not_horse,0.999808132648468,2664,51866
112,not_horse,0.999549686908722,2688,51866
113,not_horse,0.99960857629776,2712,51866
114,not_horse,0.9823284745216372,2736,51866
115,not_horse,0.9997518658638,2760,51866
116,not_horse,0.999958038330078,2784,51866
117,not_horse,0.9992984533309937,2808,51866
118,not_horse,0.9998552799224854,2832,51866
119,not_horse,0.9996895790100098,2856,51866
120,not_horse,0.99972265958786,2880,51866
121,not_horse,0.9975058436393738,2904,51866
122,not_horse,0.998111605644226,2928,51866
123,not_horse,0.9988413453102112,2952,51866
124,not_horse,0.9995604157447816,2976,51866
125,not_horse,0.9099696278572084,3000,51866
126,not_horse,0.9613655805587769,3024,51866
127,not_horse,0.8633155822753906,3048,51866
128,not_horse,0.6943181753158569,3072,51866
129,horse,0.4099611937999725,3096,51866
130,not_horse,0.6411296725273132,3120,51866
131,not_horse,0.9535492062568665,3144,51866
132,not_horse,0.8968342542648315,3168,51866
133,not_horse,0.9425208568572998,3192,51866
134,not_horse,0.9835057854652404,3216,51866
135,not_horse,0.9443698525428772,3240,51866
136,not_horse,0.9533504843711852,3264,51866
137,not_horse,0.9844946265220642,3288,51866
138,not_horse,0.986862301826477,3312,51866
139,not_horse,0.9761534929275512,3336,51866
140,not_horse,0.9703341722488404,3360,51866
141,not_horse,0.977379322052002,3384,51866
142,not_horse,0.8397432565689087,3408,51866
143,not_horse,0.6982229351997375,3432,51866
144,horse,0.0030583532061427,3456,51866
145,not_horse,0.6219058036804199,3480,51866
146,not_horse,0.99990713596344,3504,51866
147,not_horse,0.6329607367515564,3528,51866
148,not_horse,0.5181564092636108,3552,51866
149,not_horse,0.9569528102874756,3576,51866
150,not_horse,0.9998288154602052,3600,51866
151,not_horse,0.9735332727432252,3624,51866
152,not_horse,0.9897466897964478,3648,51866
153,not_horse,0.9956504702568054,3672,51866
154,not_horse,0.9999200105667114,3696,51866
155,not_horse,0.9996017813682556,3720,51866
156,not_horse,0.8369138836860657,3744,51866
157,not_horse,0.6674336791038513,3768,51866
158,not_horse,0.9916743636131288,3792,51866
159,not_horse,0.883201003074646,3816,51866
160,not_horse,0.6762271523475647,3840,51866
161,not_horse,0.867985188961029,3864,51866
162,not_horse,0.996973991394043,3888,51866
163,not_horse,0.9914547204971312,3912,51866
164,not_horse,0.9084668755531312,3936,51866
165,horse,0.3100457489490509,3960,51866
166,not_horse,0.9999951124191284,3984,51866
167,not_horse,0.9869838953018188,4008,51866
168,not_horse,0.9657155275344848,4032,51866
169,not_horse,0.9565287828445436,4056,51866
170,not_horse,0.9984329342842102,4080,51866
171,not_horse,0.9989705085754396,4104,51866
172,not_horse,0.9998155236244202,4128,51866
173,not_horse,0.9999971389770508,4152,51866
174,not_horse,0.9999991655349731,4176,51866
175,not_horse,0.999994158744812,4200,51866
176,not_horse,0.9999797344207764,4224,51866
177,not_horse,0.999986171722412,4248,51866
178,not_horse,0.9999897480010986,4272,51866
179,not_horse,0.9999891519546508,4296,51866
180,not_horse,0.9999924898147584,4320,51866
181,not_horse,0.9999897480010986,4344,51866
182,not_horse,0.9999898672103882,4368,51866
183,not_horse,0.9999971389770508,4392,51866
184,not_horse,0.9999977350234984,4416,51866
185,not_horse,0.9999918937683104,4440,51866
186,not_horse,0.9950567483901978,4464,51866
187,not_horse,0.9331316351890564,4488,51866
188,not_horse,0.9281118512153624,4512,51866
189,not_horse,0.9889795780181884,4536,51866
190,not_horse,0.9999932050704956,4560,51866
191,not_horse,0.7518767714500427,4584,51866
192,not_horse,0.6041547060012817,4608,51866
193,not_horse,0.969330906867981,4632,51866
194,not_horse,0.97482568025589,4656,51866
195,not_horse,0.9630373120307922,4680,51866
196,not_horse,0.8808320760726929,4704,51866
197,not_horse,0.904772400856018,4728,51866
198,not_horse,0.9875330924987792,4752,51866
199,not_horse,0.7166473269462585,4776,51866
200,not_horse,0.985816478729248,4800,51866
201,not_horse,0.9442501664161682,4824,51866
202,not_horse,0.8891909718513489,4848,51866
203,not_horse,0.7857313752174377,4872,51866
204,not_horse,0.7142120003700256,4896,51866
205,not_horse,0.9721062183380128,4920,51866
206,not_horse,0.9586952924728394,4944,51866
207,not_horse,0.9887419342994692,4968,51866
208,not_horse,0.9397444128990172,4992,51866
209,not_horse,0.8982133865356445,5016,51866
210,not_horse,0.9306916594505308,5040,51866
211,not_horse,0.6787726283073425,5064,51866
212,not_horse,0.9620633125305176,5088,51866
213,not_horse,0.7981559038162231,5112,51866
214,not_horse,0.7491984963417053,5136,51866
215,not_horse,0.5789594054222107,5160,51866
216,horse,0.0857597589492797,5184,51866
217,not_horse,0.9599726796150208,5208,51866
218,not_horse,0.9318234324455258,5232,51866
219,not_horse,0.9994691014289856,5256,51866
220,not_horse,0.7237361669540405,5280,51866
221,not_horse,0.8324902653694153,5304,51866
222,not_horse,0.6719059348106384,5328,51866
223,not_horse,0.9141008257865906,5352,51866
224,not_horse,0.9974710941314696,5376,51866
225,not_horse,0.8618353605270386,5400,51866
226,not_horse,0.874629020690918,5424,51866
227,not_horse,0.9911323189735411,5448,51866
228,not_horse,0.980729043483734,5472,51866
229,not_horse,0.9447843432426452,5496,51866
230,not_horse,0.9966938495635986,5520,51866
231,not_horse,0.7923124432563782,5544,51866
232,not_horse,0.9766657948493958,5568,51866
233,not_horse,0.9862272143363952,5592,51866
234,not_horse,0.9967478513717652,5616,51866
235,not_horse,0.9519309997558594,5640,51866
236,not_horse,0.9827175736427308,5664,51866
237,not_horse,0.963763952255249,5688,51866
238,not_horse,0.933035135269165,5712,51866
239,not_horse,0.9886834025382996,5736,51866
240,not_horse,0.998719334602356,5760,51866
241,not_horse,0.9995481371879578,5784,51866
242,not_horse,0.9999902248382568,5808,51866
243,not_horse,0.9971892237663268,5832,51866
244,not_horse,0.9999617338180542,5856,51866
245,not_horse,0.9798117280006408,5880,51866
246,not_horse,0.9985389709472656,5904,51866
247,not_horse,0.9960548877716064,5928,51866
248,not_horse,0.9999457597732544,5952,51866
249,not_horse,0.9908552169799804,5976,51866
250,not_horse,0.9999734163284302,6000,51866
251,not_horse,0.9999891519546508,6024,51866
252,not_horse,0.999990940093994,6048,51866
253,not_horse,0.9999959468841552,6072,51866
254,not_horse,0.9999951124191284,6096,51866
255,not_horse,0.999954104423523,6120,51866
256,not_horse,0.999908685684204,6144,51866
257,not_horse,0.9999737739562988,6168,51866
258,not_horse,0.9899011850357056,6192,51866
259,not_horse,0.9990426898002625,6216,51866
260,not_horse,0.9999991655349731,6240,51866
261,not_horse,0.9999953508377076,6264,51866
262,not_horse,0.962914764881134,6288,51866
263,not_horse,0.9848373532295228,6312,51866
264,not_horse,0.9999475479125975,6336,51866
265,not_horse,0.999986171722412,6360,51866
266,not_horse,0.99969482421875,6384,51866
267,not_horse,0.9999933242797852,6408,51866
268,not_horse,0.9999983310699464,6432,51866
269,not_horse,0.999997854232788,6456,51866
270,not_horse,0.9999969005584716,6480,51866
271,not_horse,0.9451059103012084,6504,51866
272,not_horse,0.9999855756759644,6528,51866
273,not_horse,0.9999921321868896,6552,51866
274,not_horse,0.9999896287918092,6576,51866
275,not_horse,0.9999994039535522,6600,51866
276,not_horse,0.9999988079071044,6624,51866
277,not_horse,0.9999936819076538,6648,51866
278,not_horse,0.9997735619544984,6672,51866
279,not_horse,0.999308943748474,6696,51866
280,not_horse,0.9938871264457704,6720,51866
281,not_horse,0.9910792708396912,6744,51866
282,not_horse,0.999618411064148,6768,51866
283,not_horse,0.9974151849746704,6792,51866
284,not_horse,0.9987035989761353,6816,51866
285,not_horse,0.9984001517295836,6840,51866
286,not_horse,0.9995643496513368,6864,51866
287,not_horse,0.999974012374878,6888,51866
288,not_horse,0.9999489784240724,6912,51866
289,not_horse,0.9999933242797852,6936,51866
290,not_horse,0.9999222755432128,6960,51866
291,not_horse,0.9997585415840148,6984,51866
292,not_horse,0.9996956586837769,7008,51866
293,not_horse,0.9998190999031068,7032,51866
294,not_horse,0.9999691247940063,7056,51866
295,not_horse,0.9999817609786988,7080,51866
296,not_horse,0.9998972415924072,7104,51866
297,not_horse,0.9999595880508424,7128,51866
298,not_horse,0.9995644688606262,7152,51866
299,not_horse,0.9997410178184508,7176,51866
300,not_horse,0.9992258548736572,7200,51866
301,not_horse,0.99830961227417,7224,51866
302,not_horse,0.9992129802703856,7248,51866
303,not_horse,0.9999979734420776,7272,51866
304,not_horse,0.9999974966049194,7296,51866
305,not_horse,0.9999942779541016,7320,51866
306,not_horse,0.9997707009315492,7344,51866
307,not_horse,0.999789535999298,7368,51866
308,not_horse,0.9994751811027528,7392,51866
309,not_horse,0.9997820258140564,7416,51866
310,not_horse,0.9999774694442748,7440,51866
311,not_horse,0.9999377727508544,7464,51866
312,not_horse,0.9999877214431764,7488,51866
313,not_horse,0.9999946355819702,7512,51866
314,not_horse,0.9998754262924194,7536,51866
315,not_horse,0.999823272228241,7560,51866
316,not_horse,0.9999239444732666,7584,51866
317,not_horse,0.999831199645996,7608,51866
318,not_horse,0.9998701810836792,7632,51866
319,not_horse,0.9996931552886964,7656,51866
320,not_horse,0.9998453855514526,7680,51866
321,not_horse,0.9999290704727172,7704,51866
322,not_horse,0.9999523162841796,7728,51866
323,not_horse,0.9999006986618042,7752,51866
324,not_horse,0.9998229146003724,7776,51866
325,not_horse,0.9999374151229858,7800,51866
326,not_horse,0.9976074695587158,7824,51866
327,not_horse,0.9997462630271912,7848,51866
328,not_horse,0.999624729156494,7872,51866
329,not_horse,0.9992910623550416,7896,51866
330,not_horse,0.9989385008811952,7920,51866
331,not_horse,0.9999933242797852,7944,51866
332,not_horse,0.9152216911315918,7968,51866
333,not_horse,0.963806688785553,7992,51866
334,not_horse,0.9940912127494812,8016,51866
335,not_horse,0.9988389611244202,8040,51866
336,not_horse,0.6289070844650269,8064,51866
337,not_horse,0.76027512550354,8088,51866
338,not_horse,0.7404060959815979,8112,51866
339,not_horse,0.8984712362289429,8136,51866
340,not_horse,0.8070206642150879,8160,51866
341,not_horse,0.6345978379249573,8184,51866
342,not_horse,0.9730206727981568,8208,51866
343,not_horse,0.9395343661308287,8232,51866
344,not_horse,0.8860373497009277,8256,51866
345,not_horse,0.9766636490821838,8280,51866
346,not_horse,0.9923938512802124,8304,51866
347,not_horse,0.9999983310699464,8328,51866
348,not_horse,0.9999992847442628,8352,51866
349,not_horse,0.999993085861206,8376,51866
350,not_horse,0.9999737739562988,8400,51866
351,not_horse,0.985371232032776,8424,51866
352,not_horse,0.9759808182716372,8448,51866
353,not_horse,0.9996517896652222,8472,51866
354,not_horse,0.9985904097557068,8496,51866
355,not_horse,0.9336366057395936,8520,51866
356,not_horse,0.9976250529289246,8544,51866
357,not_horse,0.994176745414734,8568,51866
358,not_horse,0.9936211705207824,8592,51866
359,not_horse,0.9995644688606262,8616,51866
360,not_horse,0.9995015859603882,8640,51866
361,not_horse,0.9997923970222472,8664,51866
362,not_horse,0.9995713829994202,8688,51866
363,not_horse,0.9996351003646852,8712,51866
364,not_horse,0.999220609664917,8736,51866
365,not_horse,0.9997625946998596,8760,51866
366,not_horse,0.9664632081985474,8784,51866
367,not_horse,0.9843081831932068,8808,51866
368,not_horse,0.9968354105949402,8832,51866
369,not_horse,0.9970393180847168,8856,51866
370,not_horse,0.950127899646759,8880,51866
371,not_horse,0.9798603653907776,8904,51866
372,not_horse,0.9992257356643676,8928,51866
373,not_horse,0.9892432689666748,8952,51866
374,not_horse,0.9997102618217468,8976,51866
375,not_horse,0.9998388290405272,9000,51866
376,not_horse,0.9980629086494446,9024,51866
377,not_horse,0.9993740916252136,9048,51866
378,not_horse,0.9998375177383424,9072,51866
379,not_horse,0.997008740901947,9096,51866
380,not_horse,0.999985933303833,9120,51866
381,not_horse,0.985914945602417,9144,51866
382,not_horse,0.9980692267417908,9168,51866
383,not_horse,0.9748647809028624,9192,51866
384,not_horse,0.9973382353782654,9216,51866
385,not_horse,0.9996265172958374,9240,51866
386,not_horse,0.9881874918937684,9264,51866
387,not_horse,0.9999946355819702,9288,51866
388,not_horse,0.9966860413551332,9312,51866
389,not_horse,0.9998542070388794,9336,51866
390,not_horse,0.9582039713859558,9360,51866
391,not_horse,0.9691452383995056,9384,51866
392,not_horse,0.915544092655182,9408,51866
393,not_horse,0.984078884124756,9432,51866
394,not_horse,0.9901913404464722,9456,51866
395,not_horse,0.9912286996841432,9480,51866
396,not_horse,0.972404718399048,9504,51866
397,not_horse,0.997665286064148,9528,51866
398,not_horse,0.9942387342453004,9552,51866
399,not_horse,0.9490540623664856,9576,51866
400,not_horse,0.9804359674453736,9600,51866
401,not_horse,0.988254189491272,9624,51866
402,not_horse,0.9965574741363524,9648,51866
403,not_horse,0.9405649304389954,9672,51866
404,not_horse,0.9871072173118592,9696,51866
405,not_horse,0.9495802521705629,9720,51866
406,not_horse,0.9917369484901428,9744,51866
407,not_horse,0.9956507086753844,9768,51866
408,not_horse,0.8925479054450989,9792,51866
409,not_horse,0.9998682737350464,9816,51866
410,not_horse,0.999211311340332,9840,51866
411,not_horse,0.9999713897705078,9864,51866
412,not_horse,0.9999990463256836,9888,51866
413,not_horse,0.998602330684662,9912,51866
414,not_horse,0.9999892711639404,9936,51866
415,not_horse,0.9903597831726074,9960,51866
416,not_horse,0.9524190425872804,9984,51866
417,not_horse,0.99970942735672,10008,51866
418,not_horse,0.9924347400665284,10032,51866
419,not_horse,0.9922770261764526,10056,51866
420,not_horse,0.9982659220695496,10080,51866
421,not_horse,0.9929990768432616,10104,51866
422,not_horse,0.9992215633392334,10128,51866
423,not_horse,0.9995187520980836,10152,51866
424,not_horse,0.9996284246444702,10176,51866
425,not_horse,0.9987006187438964,10200,51866
426,not_horse,0.999529242515564,10224,51866
427,not_horse,0.9951689839363098,10248,51866
428,not_horse,0.9956220984458924,10272,51866
429,not_horse,0.99654620885849,10296,51866
430,not_horse,0.9719488024711608,10320,51866
431,not_horse,0.9996092915534972,10344,51866
432,not_horse,0.9993621706962584,10368,51866
433,not_horse,0.9882347583770752,10392,51866
434,not_horse,0.9316546320915222,10416,51866
435,not_horse,0.9982526898384094,10440,51866
436,not_horse,0.9986534118652344,10464,51866
437,not_horse,0.9995012283325196,10488,51866
438,not_horse,0.9986035227775574,10512,51866
439,not_horse,0.9998425245285034,10536,51866
440,not_horse,0.9990195035934448,10560,51866
441,not_horse,0.9923394918441772,10584,51866
442,not_horse,0.9998264908790588,10608,51866
443,not_horse,0.998573899269104,10632,51866
444,not_horse,0.9980847835540771,10656,51866
445,not_horse,0.9999839067459106,10680,51866
446,not_horse,0.999889612197876,10704,51866
447,not_horse,0.9928624033927916,10728,51866
448,not_horse,0.9979490637779236,10752,51866
449,not_horse,0.9948770403862,10776,51866
450,not_horse,0.9983426332473756,10800,51866
451,not_horse,0.9999423027038574,10824,51866
452,not_horse,0.9988935589790344,10848,51866
453,not_horse,0.9996902942657472,10872,51866
454,not_horse,0.9999736547470092,10896,51866
455,not_horse,0.9999213218688964,10920,51866
456,not_horse,0.9998119473457336,10944,51866
457,not_horse,0.9992269277572632,10968,51866
458,not_horse,0.9999690055847168,10992,51866
459,not_horse,0.9992128610610962,11016,51866
460,not_horse,0.9986388087272644,11040,51866
461,not_horse,0.980922520160675,11064,51866
462,not_horse,0.99949049949646,11088,51866
463,not_horse,0.9984834790229796,11112,51866
464,not_horse,0.999959111213684,11136,51866
465,not_horse,0.999919891357422,11160,51866
466,not_horse,0.9999792575836182,11184,51866
467,not_horse,0.99952495098114,11208,51866
468,not_horse,0.999887228012085,11232,51866
469,not_horse,0.9996955394744872,11256,51866
470,not_horse,0.999914288520813,11280,51866
471,not_horse,0.9997448325157166,11304,51866
472,not_horse,0.9981687068939208,11328,51866
473,not_horse,0.999996781349182,11352,51866
474,not_horse,0.9996461868286132,11376,51866
475,not_horse,0.9964428544044496,11400,51866
476,not_horse,0.9970043301582336,11424,51866
477,not_horse,0.9991531372070312,11448,51866
478,not_horse,0.9999984502792358,11472,51866
479,not_horse,0.9999971389770508,11496,51866
480,not_horse,0.9999957084655762,11520,51866
481,not_horse,0.9997736811637878,11544,51866
482,not_horse,0.9992068409919742,11568,51866
483,not_horse,0.9994935989379884,11592,51866
484,not_horse,0.9978815913200378,11616,51866
485,not_horse,0.996404767036438,11640,51866
486,not_horse,0.9878996014595032,11664,51866
487,not_horse,0.9993171691894532,11688,51866
488,not_horse,0.9995856881141664,11712,51866
489,not_horse,0.9999948740005492,11736,51866
490,not_horse,0.9999959468841552,11760,51866
491,not_horse,0.999983549118042,11784,51866
492,not_horse,0.9990697503089904,11808,51866
493,not_horse,0.9194841980934144,11832,51866
494,not_horse,0.9954714775085448,11856,51866
495,not_horse,0.98615163564682,11880,51866
496,not_horse,0.9989217519760132,11904,51866
497,not_horse,0.9977627992630004,11928,51866
498,not_horse,0.9997966885566713,11952,51866
499,not_horse,0.999907612800598,11976,51866
500,not_horse,0.9991337656974792,12000,51866
501,not_horse,0.9953863024711608,12024,51866
502,not_horse,0.9990025162696838,12048,51866
503,not_horse,0.8767116069793701,12072,51866
504,not_horse,0.9939090013504028,12096,51866
505,not_horse,0.9994670748710632,12120,51866
506,not_horse,0.9999008178710938,12144,51866
507,not_horse,0.9950309991836548,12168,51866
508,not_horse,0.9142894744873048,12192,51866
509,not_horse,0.9824437499046326,12216,51866
510,not_horse,0.7054117321968079,12240,51866
511,not_horse,0.9998550415039062,12264,51866
512,not_horse,0.9962691068649292,12288,51866
513,not_horse,0.992452085018158,12312,51866
514,not_horse,0.9288750290870668,12336,51866
515,not_horse,0.978634476661682,12360,51866
516,not_horse,0.9225566387176514,12384,51866
517,not_horse,0.9891111254692078,12408,51866
518,not_horse,0.9392390847206116,12432,51866
519,not_horse,0.9720564484596252,12456,51866
520,not_horse,0.8915591835975647,12480,51866
521,not_horse,0.9749866724014282,12504,51866
522,not_horse,0.9500070810317992,12528,51866
523,not_horse,0.9214662909507751,12552,51866
524,not_horse,0.8272402286529541,12576,51866
525,not_horse,0.9817890524864196,12600,51866
526,not_horse,0.9888466000556946,12624,51866
527,not_horse,0.6729839444160461,12648,51866
528,not_horse,0.8396675586700441,12672,51866
529,not_horse,0.969423532485962,12696,51866
530,not_horse,0.9012081623077391,12720,51866
531,not_horse,0.7962507009506226,12744,51866
532,not_horse,0.8620233535766602,12768,51866
533,horse,0.4703536033630371,12792,51866
534,not_horse,0.9162680506706238,12816,51866
535,not_horse,0.7478122115135193,12840,51866
536,not_horse,0.9614732265472412,12864,51866
537,not_horse,0.950874924659729,12888,51866
538,not_horse,0.9563250541687012,12912,51866
539,not_horse,0.9999793767929076,12936,51866
540,not_horse,0.9999691247940063,12960,51866
541,not_horse,0.999990463256836,12984,51866
542,not_horse,0.9999901056289672,13008,51866
543,not_horse,0.9999938011169434,13032,51866
544,not_horse,0.999845027923584,13056,51866
545,not_horse,0.999998927116394,13080,51866
546,not_horse,0.9999876022338868,13104,51866
547,horse,0.4266720414161682,13128,51866
548,not_horse,0.9996966123580932,13152,51866
549,not_horse,0.9992485642433168,13176,51866
550,not_horse,0.999983549118042,13200,51866
551,not_horse,0.9985572695732116,13224,51866
552,not_horse,0.9980531930923462,13248,51866
553,not_horse,0.9969781637191772,13272,51866
554,not_horse,0.998323142528534,13296,51866
555,not_horse,0.9994645714759828,13320,51866
556,not_horse,0.9998098015785216,13344,51866
557,not_horse,0.9939018487930298,13368,51866
558,not_horse,0.997208297252655,13392,51866
559,not_horse,0.9899063706398008,13416,51866
560,not_horse,0.9999760389328004,13440,51866
561,not_horse,0.9980304837226868,13464,51866
562,not_horse,0.9999831914901732,13488,51866
563,not_horse,0.9999098777770996,13512,51866
564,not_horse,0.9826260805130004,13536,51866
565,not_horse,0.9992604851722716,13560,51866
566,not_horse,0.9997919201850892,13584,51866
567,not_horse,0.999774158000946,13608,51866
568,not_horse,0.9999625682830808,13632,51866
569,not_horse,0.9999382495880128,13656,51866
570,not_horse,0.9999234676361084,13680,51866
571,not_horse,0.9999567270278932,13704,51866
572,not_horse,0.9999779462814332,13728,51866
573,not_horse,0.9999625682830808,13752,51866
574,not_horse,0.9978361725807192,13776,51866
575,not_horse,0.9706289172172546,13800,51866
576,not_horse,0.9926576018333436,13824,51866
577,not_horse,0.9977745413780212,13848,51866
578,not_horse,0.9944642186164856,13872,51866
579,not_horse,0.9974416494369508,13896,51866
580,not_horse,0.9966976642608644,13920,51866
581,not_horse,0.9990746974945068,13944,51866
582,not_horse,0.9571778178215028,13968,51866
583,not_horse,0.9995144605636596,13992,51866
584,not_horse,0.9961016178131104,14016,51866
585,not_horse,0.9999990463256836,14040,51866
586,not_horse,0.9999997615814208,14064,51866
587,not_horse,0.9999995231628418,14088,51866
588,not_horse,0.9806462526321412,14112,51866
589,not_horse,0.9988020658493042,14136,51866
590,not_horse,0.999659776687622,14160,51866
591,not_horse,0.9999890327453612,14184,51866
592,not_horse,0.9999312162399292,14208,51866
593,not_horse,0.9999995231628418,14232,51866
594,not_horse,0.9996091723442078,14256,51866
595,not_horse,0.999723255634308,14280,51866
596,not_horse,1.0,14304,51866
597,not_horse,1.0,14328,51866
598,not_horse,1.0,14352,51866
599,not_horse,1.0,14376,51866
600,not_horse,0.9999994039535522,14400,51866
601,not_horse,1.0,14424,51866
602,not_horse,0.9999995231628418,14448,51866
603,not_horse,1.0,14472,51866
604,not_horse,1.0,14496,51866
605,not_horse,0.9999996423721312,14520,51866
606,not_horse,0.9997912049293518,14544,51866
607,not_horse,0.9997468590736388,14568,51866
608,not_horse,0.9999250173568726,14592,51866
609,not_horse,0.9995256662368774,14616,51866
610,not_horse,0.9996787309646606,14640,51866
611,not_horse,0.9999135732650756,14664,51866
612,not_horse,0.9999698400497437,14688,51866
613,not_horse,0.9998794794082642,14712,51866
614,not_horse,0.999863862991333,14736,51866
615,not_horse,0.9999933242797852,14760,51866
616,not_horse,0.9999912977218628,14784,51866
617,not_horse,0.9999974966049194,14808,51866
618,not_horse,0.9988747239112854,14832,51866
619,not_horse,0.9998900890350342,14856,51866
620,not_horse,0.9998236298561096,14880,51866
621,not_horse,0.9999685287475586,14904,51866
622,not_horse,0.9999953508377076,14928,51866
623,not_horse,0.9999992847442628,14952,51866
624,not_horse,0.9999620914459229,14976,51866
625,not_horse,0.9999833106994628,15000,51866
626,not_horse,0.9999997615814208,15024,51866
627,not_horse,0.9995354413986206,15048,51866
628,not_horse,0.7130362987518309,15072,51866
629,not_horse,0.9999996423721312,15096,51866
630,not_horse,0.9996052384376526,15120,51866
631,not_horse,0.9995689988136292,15144,51866
632,not_horse,0.9999982118606568,15168,51866
633,not_horse,0.9999998807907104,15192,51866
634,not_horse,0.9999413490295408,15216,51866
635,not_horse,0.9999393224716188,15240,51866
636,not_horse,0.9999994039535522,15264,51866
637,not_horse,0.9996682405471802,15288,51866
638,not_horse,0.9982115030288696,15312,51866
639,not_horse,0.989612877368927,15336,51866
640,not_horse,0.9999372959136964,15360,51866
641,not_horse,0.9988327622413636,15384,51866
642,not_horse,0.9997472167015076,15408,51866
643,not_horse,0.9988827109336852,15432,51866
644,not_horse,0.9999123811721802,15456,51866
645,not_horse,0.9999874830245972,15480,51866
646,not_horse,0.9996066689491272,15504,51866
647,not_horse,0.9998397827148438,15528,51866
648,not_horse,0.9993176460266112,15552,51866
649,not_horse,0.9986925721168518,15576,51866
650,not_horse,0.9986562728881836,15600,51866
651,not_horse,0.9989914298057556,15624,51866
652,not_horse,0.998954176902771,15648,51866
653,not_horse,0.999661922454834,15672,51866
654,not_horse,0.9998369216918944,15696,51866
655,not_horse,0.999985694885254,15720,51866
656,not_horse,0.999932050704956,15744,51866
657,not_horse,0.9999845027923584,15768,51866
658,not_horse,0.9982661604881288,15792,51866
659,not_horse,0.6531199216842651,15816,51866
660,not_horse,0.5768519639968872,15840,51866
661,not_horse,0.9999942779541016,15864,51866
662,not_horse,0.9999946355819702,15888,51866
663,not_horse,1.0,15912,51866
664,not_horse,1.0,15936,51866
665,not_horse,0.9999996423721312,15960,51866
666,not_horse,0.999994158744812,15984,51866
667,not_horse,1.0,16008,51866
668,not_horse,1.0,16032,51866
669,not_horse,0.9999955892562866,16056,51866
670,not_horse,0.999998927116394,16080,51866
671,not_horse,0.9999850988388062,16104,51866
672,not_horse,0.9999997615814208,16128,51866
673,not_horse,0.9999891519546508,16152,51866
674,not_horse,0.9999958276748656,16176,51866
675,not_horse,0.9999870061874392,16200,51866
676,not_horse,0.9999785423278807,16224,51866
677,not_horse,0.99936181306839,16248,51866
678,not_horse,0.996242880821228,16272,51866
679,not_horse,0.9995399713516236,16296,51866
680,not_horse,0.9999185800552368,16320,51866
681,not_horse,0.9999852180480956,16344,51866
682,not_horse,0.9999420642852784,16368,51866
683,not_horse,0.9981618523597716,16392,51866
684,not_horse,0.9999910593032836,16416,51866
685,not_horse,0.9999475479125975,16440,51866
686,not_horse,0.9999959468841552,16464,51866
687,not_horse,0.9999922513961792,16488,51866
688,not_horse,0.9991607666015624,16512,51866
689,not_horse,0.9841469526290894,16536,51866
690,not_horse,0.9721740484237672,16560,51866
691,not_horse,0.952422857284546,16584,51866
692,not_horse,0.7055819034576416,16608,51866
693,not_horse,0.9273670315742492,16632,51866
694,not_horse,0.9999959468841552,16656,51866
695,not_horse,0.9135923981666564,16680,51866
696,not_horse,0.9395096302032472,16704,51866
697,not_horse,0.9903292655944824,16728,51866
698,not_horse,0.85268235206604,16752,51866
699,horse,0.1275969594717025,16776,51866
700,not_horse,0.957850992679596,16800,51866
701,not_horse,0.5418941974639893,16824,51866
702,not_horse,0.8415572047233582,16848,51866
703,not_horse,0.8010834455490112,16872,51866
704,not_horse,0.9283124208450316,16896,51866
705,not_horse,0.7039111852645874,16920,51866
706,not_horse,0.8746646642684937,16944,51866
707,not_horse,0.7548241019248962,16968,51866
708,not_horse,0.9495744109153748,16992,51866
709,not_horse,0.9792572259902954,17016,51866
710,not_horse,0.9935359954833984,17040,51866
711,not_horse,0.9991436004638672,17064,51866
712,not_horse,0.9995045661926272,17088,51866
713,not_horse,0.8950513005256653,17112,51866
714,not_horse,0.6440334916114807,17136,51866
715,not_horse,0.9968096613883972,17160,51866
716,not_horse,0.8124776482582092,17184,51866
717,not_horse,0.9594875574111938,17208,51866
718,not_horse,0.977075695991516,17232,51866
719,not_horse,0.9524247646331788,17256,51866
720,not_horse,0.8525039553642273,17280,51866
721,not_horse,0.9923866987228394,17304,51866
722,not_horse,0.9901148080825806,17328,51866
723,not_horse,0.9661508798599244,17352,51866
724,not_horse,0.9683415293693542,17376,51866
725,not_horse,0.7104843258857727,17400,51866
726,not_horse,0.8252260684967041,17424,51866
727,not_horse,0.9815713763237,17448,51866
728,not_horse,0.9923732876777648,17472,51866
729,not_horse,0.9940052628517152,17496,51866
730,not_horse,0.9527840614318848,17520,51866
731,not_horse,0.9984580278396606,17544,51866
732,not_horse,0.9487091898918152,17568,51866
733,not_horse,0.9982591271400452,17592,51866
734,not_horse,0.993768870830536,17616,51866
735,not_horse,0.9982892870903016,17640,51866
736,not_horse,0.8713667988777161,17664,51866
737,not_horse,0.9959783554077148,17688,51866
738,not_horse,0.9132159352302552,17712,51866
739,not_horse,0.9246339201927184,17736,51866
740,horse,0.4393360018730164,17760,51866
741,not_horse,0.934077799320221,17784,51866
742,not_horse,0.8823484778404236,17808,51866
743,not_horse,0.736891508102417,17832,51866
744,not_horse,0.946207880973816,17856,51866
745,not_horse,0.9945999383926392,17880,51866
746,not_horse,0.9897139072418212,17904,51866
747,not_horse,0.8063309788703918,17928,51866
748,not_horse,0.9999971389770508,17952,51866
749,not_horse,0.9999990463256836,17976,51866
750,not_horse,0.9999960660934448,18000,51866
751,not_horse,0.9999936819076538,18024,51866
752,not_horse,0.9999979734420776,18048,51866
753,not_horse,0.9993775486946106,18072,51866
754,not_horse,0.9998531341552734,18096,51866
755,not_horse,0.9998310804367064,18120,51866
756,not_horse,0.9999983310699464,18144,51866
757,not_horse,0.9997878670692444,18168,51866
758,not_horse,0.999948501586914,18192,51866
759,not_horse,0.9999948740005492,18216,51866
760,not_horse,0.9999825954437256,18240,51866
761,not_horse,0.9999957084655762,18264,51866
762,not_horse,0.9999972581863404,18288,51866
763,not_horse,0.9999982118606568,18312,51866
764,not_horse,1.0,18336,51866
765,not_horse,0.9999998807907104,18360,51866
766,not_horse,0.9999997615814208,18384,51866
767,not_horse,0.9996103644371032,18408,51866
768,not_horse,0.9994902610778807,18432,51866
769,not_horse,0.9998611211776732,18456,51866
770,not_horse,0.9999275207519532,18480,51866
771,not_horse,0.9995799660682678,18504,51866
772,not_horse,0.9999966621398926,18528,51866
773,not_horse,0.9999922513961792,18552,51866
774,not_horse,0.9993982315063475,18576,51866
775,not_horse,0.981184422969818,18600,51866
776,not_horse,0.999718964099884,18624,51866
777,not_horse,0.9997020363807678,18648,51866
778,not_horse,0.9999333620071412,18672,51866
779,not_horse,0.999947428703308,18696,51866
780,not_horse,0.9999526739120485,18720,51866
781,not_horse,0.99998676776886,18744,51866
782,not_horse,0.9999896287918092,18768,51866
783,not_horse,0.9999953508377076,18792,51866
784,not_horse,0.999990463256836,18816,51866
785,not_horse,0.9997872710227966,18840,51866
786,not_horse,0.999891757965088,18864,51866
787,not_horse,0.9999499320983888,18888,51866
788,not_horse,0.999942660331726,18912,51866
789,not_horse,0.9998495578765868,18936,51866
790,not_horse,0.9999977350234984,18960,51866
791,not_horse,0.9999980926513672,18984,51866
792,not_horse,0.9997628331184388,19008,51866
793,not_horse,0.999883770942688,19032,51866
794,not_horse,0.9998295307159424,19056,51866
795,not_horse,0.9999866485595704,19080,51866
796,not_horse,0.9999914169311525,19104,51866
797,not_horse,0.9999849796295166,19128,51866
798,not_horse,0.9993951320648192,19152,51866
799,not_horse,0.9999771118164062,19176,51866
800,not_horse,0.9999617338180542,19200,51866
801,not_horse,0.9994063377380372,19224,51866
802,not_horse,0.9997755885124208,19248,51866
803,not_horse,0.999100923538208,19272,51866
804,not_horse,0.9999806880950928,19296,51866
805,not_horse,0.9999912977218628,19320,51866
806,not_horse,0.9999866485595704,19344,51866
807,not_horse,0.9999998807907104,19368,51866
808,not_horse,0.9999992847442628,19392,51866
809,not_horse,0.999727427959442,19416,51866
810,not_horse,0.9993744492530824,19440,51866
811,not_horse,0.999832034111023,19464,51866
812,not_horse,0.9996594190597534,19488,51866
813,not_horse,0.9999052286148072,19512,51866
814,not_horse,0.9997259974479676,19536,51866
815,not_horse,0.9999220371246338,19560,51866
816,not_horse,0.9999949932098388,19584,51866
817,not_horse,0.9999667406082152,19608,51866
818,not_horse,0.9972981810569764,19632,51866
819,not_horse,0.9997410178184508,19656,51866
820,not_horse,0.9915641546249392,19680,51866
821,not_horse,0.9868506789207458,19704,51866
822,not_horse,0.9999237060546876,19728,51866
823,not_horse,0.9999852180480956,19752,51866
824,not_horse,0.9999996423721312,19776,51866
825,not_horse,0.9999995231628418,19800,51866
826,not_horse,0.999991536140442,19824,51866
827,not_horse,0.9999955892562866,19848,51866
828,not_horse,0.9999979734420776,19872,51866
829,not_horse,0.9999964237213136,19896,51866
830,not_horse,0.9999985694885254,19920,51866
831,not_horse,0.9999992847442628,19944,51866
832,not_horse,1.0,19968,51866
833,not_horse,1.0,19992,51866
834,not_horse,0.9999992847442628,20016,51866
835,not_horse,0.9999998807907104,20040,51866
836,not_horse,1.0,20064,51866
837,not_horse,0.9999982118606568,20088,51866
838,not_horse,0.999996542930603,20112,51866
839,not_horse,0.9901226162910458,20136,51866
840,not_horse,0.9999957084655762,20160,51866
841,not_horse,0.9999980926513672,20184,51866
842,not_horse,0.999723732471466,20208,51866
843,not_horse,0.9998041987419128,20232,51866
844,not_horse,0.895940899848938,20256,51866
845,not_horse,0.9974542260169984,20280,51866
846,not_horse,0.999974012374878,20304,51866
847,not_horse,0.999980330467224,20328,51866
848,not_horse,0.9999661445617676,20352,51866
849,not_horse,0.9999850988388062,20376,51866
850,not_horse,0.9999629259109496,20400,51866
851,not_horse,0.9988387227058412,20424,51866
852,not_horse,0.9999890327453612,20448,51866
853,not_horse,0.9981889128684998,20472,51866
854,not_horse,0.9995502829551696,20496,51866
855,not_horse,0.9987804293632508,20520,51866
856,not_horse,0.9990494847297668,20544,51866
857,not_horse,0.999119222164154,20568,51866
858,not_horse,0.997381627559662,20592,51866
859,not_horse,0.999377965927124,20616,51866
860,not_horse,0.9994285702705384,20640,51866
861,not_horse,0.998698353767395,20664,51866
862,not_horse,0.9990707635879515,20688,51866
863,not_horse,0.9993222951889038,20712,51866
864,not_horse,0.9999773502349854,20736,51866
865,not_horse,0.9998931884765624,20760,51866
866,not_horse,0.9999551773071288,20784,51866
867,not_horse,0.9946200847625732,20808,51866
868,not_horse,0.998607575893402,20832,51866
869,not_horse,0.9966484904289246,20856,51866
870,not_horse,0.9990966320037842,20880,51866
871,not_horse,0.99760901927948,20904,51866
872,not_horse,0.9987911581993104,20928,51866
873,not_horse,0.999226212501526,20952,51866
874,not_horse,0.9999957084655762,20976,51866
875,not_horse,0.9952495098114014,21000,51866
876,not_horse,0.9965643286705016,21024,51866
877,not_horse,0.9999401569366456,21048,51866
878,not_horse,0.9998831748962402,21072,51866
879,not_horse,0.9998865127563475,21096,51866
880,not_horse,0.999821960926056,21120,51866
881,not_horse,0.9999109506607056,21144,51866
882,not_horse,0.9991689920425416,21168,51866
883,not_horse,0.9997939467430116,21192,51866
884,not_horse,0.9998979568481444,21216,51866
885,not_horse,0.9988032579421996,21240,51866
886,not_horse,0.9987786412239076,21264,51866
887,not_horse,0.9984309077262878,21288,51866
888,not_horse,0.9996730089187622,21312,51866
889,not_horse,0.999746024608612,21336,51866
890,not_horse,0.9995684027671814,21360,51866
891,not_horse,0.999897599220276,21384,51866
892,not_horse,0.999808132648468,21408,51866
893,not_horse,0.9999051094055176,21432,51866
894,not_horse,0.9996963739395142,21456,51866
895,not_horse,0.9994105100631714,21480,51866
896,not_horse,0.9994065761566162,21504,51866
897,not_horse,0.9998291730880736,21528,51866
898,not_horse,0.999262273311615,21552,51866
899,not_horse,0.9999663829803468,21576,51866
900,not_horse,0.9999876022338868,21600,51866
901,not_horse,0.9999791383743286,21624,51866
902,not_horse,0.9999783039093018,21648,51866
903,not_horse,0.9999804496765136,21672,51866
904,not_horse,0.9999604225158693,21696,51866
905,not_horse,0.9999418258666992,21720,51866
906,not_horse,0.9999291896820068,21744,51866
907,not_horse,0.999896764755249,21768,51866
908,not_horse,0.9999934434890748,21792,51866
909,not_horse,0.9999943971633912,21816,51866
910,not_horse,0.997460961341858,21840,51866
911,not_horse,0.9983965754508972,21864,51866
912,not_horse,0.9957907795906068,21888,51866
913,not_horse,0.9986649751663208,21912,51866
914,not_horse,0.999495267868042,21936,51866
915,not_horse,0.999652862548828,21960,51866
916,not_horse,0.9999990463256836,21984,51866
917,not_horse,0.9999946355819702,22008,51866
918,not_horse,0.9999979734420776,22032,51866
919,not_horse,0.9999977350234984,22056,51866
920,not_horse,0.9999977350234984,22080,51866
921,not_horse,0.99999737739563,22104,51866
922,not_horse,0.9999996423721312,22128,51866
923,not_horse,0.9999996423721312,22152,51866
924,not_horse,0.9999996423721312,22176,51866
925,not_horse,0.999997854232788,22200,51866
926,not_horse,0.9999990463256836,22224,51866
927,not_horse,0.9395833611488342,22248,51866
928,not_horse,0.985845983028412,22272,51866
929,not_horse,0.9606910347938538,22296,51866
930,not_horse,0.9999701976776124,22320,51866
931,not_horse,0.9999997615814208,22344,51866
932,not_horse,0.9999979734420776,22368,51866
933,not_horse,0.9998959302902222,22392,51866
934,not_horse,0.9997712969779968,22416,51866
935,not_horse,0.9999047517776488,22440,51866
936,not_horse,0.9999269247055054,22464,51866
937,not_horse,0.9995742440223694,22488,51866
938,not_horse,0.999292492866516,22512,51866
939,not_horse,0.9996625185012816,22536,51866
940,not_horse,0.9999259710311892,22560,51866
941,not_horse,0.9995112419128418,22584,51866
942,not_horse,0.9978271126747132,22608,51866
943,not_horse,0.9983391761779784,22632,51866
944,not_horse,0.999314785003662,22656,51866
945,not_horse,0.9998512268066406,22680,51866
946,not_horse,0.9999662637710572,22704,51866
947,not_horse,0.9981379508972168,22728,51866
948,not_horse,0.9996323585510254,22752,51866
949,not_horse,0.9998525381088256,22776,51866
950,not_horse,0.9996156692504884,22800,51866
951,not_horse,0.9979761242866516,22824,51866
952,not_horse,0.9592230319976808,22848,51866
953,not_horse,0.9830878376960754,22872,51866
954,not_horse,0.9520007371902466,22896,51866
955,not_horse,0.998363435268402,22920,51866
956,not_horse,0.9632181525230408,22944,51866
957,not_horse,0.9321067929267884,22968,51866
958,not_horse,0.6002596616744995,22992,51866
959,not_horse,0.9699525237083436,23016,51866
960,not_horse,0.9998846054077148,23040,51866
961,not_horse,0.993126392364502,23064,51866
962,not_horse,0.9994261264801024,23088,51866
963,not_horse,0.9999793767929076,23112,51866
964,not_horse,0.9999208450317384,23136,51866
965,not_horse,0.9999805688858032,23160,51866
966,not_horse,0.9999778270721436,23184,51866
967,not_horse,0.999994158744812,23208,51866
968,not_horse,0.9999840259552002,23232,51866
969,not_horse,0.9999525547027588,23256,51866
970,not_horse,0.9965227842330932,23280,51866
971,not_horse,0.9985542893409728,23304,51866
972,not_horse,0.9999901056289672,23328,51866
973,not_horse,0.9999995231628418,23352,51866
974,not_horse,1.0,23376,51866
975,not_horse,0.9999995231628418,23400,51866
976,not_horse,0.9999731779098512,23424,51866
977,not_horse,0.999998927116394,23448,51866
978,not_horse,0.9999998807907104,23472,51866
979,not_horse,0.9999985694885254,23496,51866
980,not_horse,0.9999972581863404,23520,51866
981,not_horse,0.9999985694885254,23544,51866
982,not_horse,0.9999977350234984,23568,51866
983,not_horse,0.9904584884643556,23592,51866
984,not_horse,0.9961004257202148,23616,51866
985,not_horse,0.9946120977401732,23640,51866
986,not_horse,0.9927753210067748,23664,51866
987,not_horse,0.9999997615814208,23688,51866
988,not_horse,0.9999994039535522,23712,51866
989,not_horse,0.9999823570251464,23736,51866
990,not_horse,0.9998774528503418,23760,51866
991,not_horse,0.999901294708252,23784,51866
992,not_horse,0.9996215105056764,23808,51866
993,not_horse,0.9996774196624756,23832,51866
994,not_horse,0.9995970129966736,23856,51866
995,not_horse,0.9991803765296936,23880,51866
996,not_horse,0.9999916553497314,23904,51866
997,not_horse,0.9999873638153076,23928,51866
998,not_horse,0.999987244606018,23952,51866
999,not_horse,0.9999833106994628,23976,51866
1000,not_horse,0.9999995231628418,24000,51866
1001,not_horse,0.9999980926513672,24024,51866
1002,not_horse,0.9999994039535522,24048,51866
1003,not_horse,0.999998927116394,24072,51866
1004,not_horse,0.9999974966049194,24096,51866
1005,not_horse,0.9999974966049194,24120,51866
1006,not_horse,0.9999992847442628,24144,51866
1007,not_horse,0.9999976158142092,24168,51866
1008,not_horse,0.9988372921943665,24192,51866
1009,not_horse,0.9969167709350586,24216,51866
1010,not_horse,0.999642014503479,24240,51866
1011,not_horse,0.9998103976249696,24264,51866
1012,not_horse,0.9993439316749572,24288,51866
1013,not_horse,0.9998131394386292,24312,51866
1014,not_horse,0.9975003600120544,24336,51866
1015,not_horse,0.7864449024200441,24360,51866
1016,not_horse,0.9952980875968932,24384,51866
1017,not_horse,0.5788407921791077,24408,51866
1018,not_horse,0.6798879504203796,24432,51866
1019,not_horse,0.6212230920791626,24456,51866
1020,not_horse,0.9922122955322266,24480,51866
1021,not_horse,0.999863624572754,24504,51866
1022,not_horse,0.9999630451202391,24528,51866
1023,not_horse,0.999931573867798,24552,51866
1024,not_horse,0.975618064403534,24576,51866
1025,not_horse,0.992542028427124,24600,51866
1026,not_horse,0.9907888770103456,24624,51866
1027,not_horse,1.0,24648,51866
1028,not_horse,0.9996490478515624,24672,51866
1029,not_horse,0.9946457147598268,24696,51866
1030,not_horse,0.9925018548965454,24720,51866
1031,not_horse,0.9991255402565002,24744,51866
1032,not_horse,0.999542474746704,24768,51866
1033,not_horse,0.9999816417694092,24792,51866
1034,not_horse,0.9999997615814208,24816,51866
1035,not_horse,0.9999940395355223,24840,51866
1036,not_horse,0.9999947547912598,24864,51866
1037,not_horse,0.9999839067459106,24888,51866
1038,not_horse,0.99998140335083,24912,51866
1039,not_horse,0.9996618032455444,24936,51866
1040,not_horse,0.7125668525695801,24960,51866
1041,not_horse,0.5793259739875793,24984,51866
1042,not_horse,0.9016006588935852,25008,51866
1043,not_horse,0.9999500513076782,25032,51866
1044,not_horse,0.9999972581863404,25056,51866
1045,not_horse,0.9999996423721312,25080,51866
1046,not_horse,1.0,25104,51866
1047,not_horse,1.0,25128,51866
1048,not_horse,1.0,25152,51866
1049,not_horse,0.9999419450759888,25176,51866
1050,not_horse,0.9999998807907104,25200,51866
1051,not_horse,0.9999983310699464,25224,51866
1052,not_horse,0.9998685121536256,25248,51866
1053,not_horse,0.9983990788459778,25272,51866
1054,not_horse,0.9930516481399536,25296,51866
1055,not_horse,0.9966322779655457,25320,51866
1056,not_horse,0.999718964099884,25344,51866
1057,not_horse,1.0,25368,51866
1058,not_horse,0.9999997615814208,25392,51866
1059,not_horse,0.9999490976333618,25416,51866
1060,not_horse,0.9998291730880736,25440,51866
1061,not_horse,0.9992570281028748,25464,51866
1062,not_horse,0.9997183680534364,25488,51866
1063,not_horse,0.9997835755348206,25512,51866
1064,not_horse,0.9992172718048096,25536,51866
1065,not_horse,0.9999016523361206,25560,51866
1066,not_horse,0.999812662601471,25584,51866
1067,not_horse,0.9994088411331176,25608,51866
1068,not_horse,0.9929559230804444,25632,51866
1069,not_horse,0.9996207952499392,25656,51866
1070,not_horse,0.999996542930603,25680,51866
1071,not_horse,0.9999680519104004,25704,51866
1072,not_horse,0.99993896484375,25728,51866
1073,not_horse,0.9998462200164796,25752,51866
1074,not_horse,0.9999738931655884,25776,51866
1075,not_horse,0.9999897480010986,25800,51866
1076,not_horse,0.999823272228241,25824,51866
1077,not_horse,0.999975085258484,25848,51866
1078,not_horse,0.9999254941940308,25872,51866
1079,not_horse,0.9996466636657716,25896,51866
1080,not_horse,0.99970680475235,25920,51866
1081,not_horse,0.9987986087799072,25944,51866
1082,not_horse,0.9998998641967772,25968,51866
1083,not_horse,0.999991774559021,25992,51866
1084,not_horse,0.9999988079071044,26016,51866
1085,not_horse,0.9999727010726928,26040,51866
1086,not_horse,0.9999997615814208,26064,51866
1087,not_horse,0.9999986886978148,26088,51866
1088,not_horse,0.9560338258743286,26112,51866
1089,not_horse,0.990913987159729,26136,51866
1090,not_horse,0.9978442192077636,26160,51866
1091,not_horse,0.9946017265319824,26184,51866
1092,not_horse,0.9920478463172911,26208,51866
1093,not_horse,0.9999502897262572,26232,51866
1094,not_horse,0.9990955591201782,26256,51866
1095,not_horse,0.9844450354576112,26280,51866
1096,not_horse,0.9876129031181335,26304,51866
1097,not_horse,0.9961607456207277,26328,51866
1098,not_horse,0.9998877048492432,26352,51866
1099,not_horse,0.9996641874313354,26376,51866
1100,not_horse,0.9995705485343932,26400,51866
1101,not_horse,0.9944638609886168,26424,51866
1102,not_horse,0.9981184005737304,26448,51866
1103,not_horse,0.9997678399086,26472,51866
1104,not_horse,0.9998210072517396,26496,51866
1105,not_horse,0.9998167157173156,26520,51866
1106,not_horse,0.9998278617858888,26544,51866
1107,not_horse,0.9993202686309814,26568,51866
1108,not_horse,0.999391794204712,26592,51866
1109,not_horse,0.9997299313545228,26616,51866
1110,not_horse,0.99883371591568,26640,51866
1111,not_horse,0.99962317943573,26664,51866
1112,not_horse,0.9995959401130676,26688,51866
1113,not_horse,0.9944398403167723,26712,51866
1114,not_horse,0.9999997615814208,26736,51866
1115,not_horse,0.9984498023986816,26760,51866
1116,not_horse,0.9996157884597778,26784,51866
1117,not_horse,0.9999556541442872,26808,51866
1118,not_horse,0.999976634979248,26832,51866
1119,not_horse,0.999911904335022,26856,51866
1120,not_horse,0.9999997615814208,26880,51866
1121,not_horse,0.9999982118606568,26904,51866
1122,not_horse,0.9998877048492432,26928,51866
1123,not_horse,0.999980092048645,26952,51866
1124,not_horse,0.9993200302124025,26976,51866
1125,not_horse,0.9933289289474488,27000,51866
1126,not_horse,0.9993280172348022,27024,51866
1127,not_horse,1.0,27048,51866
1128,not_horse,1.0,27072,51866
1129,not_horse,1.0,27096,51866
1130,not_horse,0.9999991655349731,27120,51866
1131,not_horse,0.9999992847442628,27144,51866
1132,not_horse,0.997617781162262,27168,51866
1133,not_horse,0.8168947696685791,27192,51866
1134,not_horse,0.9999175071716307,27216,51866
1135,not_horse,1.0,27240,51866
1136,not_horse,1.0,27264,51866
1137,not_horse,1.0,27288,51866
1138,not_horse,0.9999995231628418,27312,51866
1139,not_horse,0.9999986886978148,27336,51866
1140,not_horse,0.9999929666519164,27360,51866
1141,not_horse,1.0,27384,51866
1142,not_horse,0.9984281063079834,27408,51866
1143,not_horse,0.9988017082214355,27432,51866
1144,not_horse,0.9999990463256836,27456,51866
1145,not_horse,0.9999912977218628,27480,51866
1146,not_horse,0.9997017979621888,27504,51866
1147,not_horse,0.9995386600494384,27528,51866
1148,not_horse,0.9992844462394714,27552,51866
1149,not_horse,0.9999823570251464,27576,51866
1150,not_horse,0.9985787868499756,27600,51866
1151,not_horse,0.9976625442504884,27624,51866
1152,not_horse,0.7748497128486633,27648,51866
1153,not_horse,0.9648926854133606,27672,51866
1154,not_horse,0.8950285911560059,27696,51866
1155,not_horse,0.668049693107605,27720,51866
1156,not_horse,0.9957154393196106,27744,51866
1157,not_horse,0.9106077551841736,27768,51866
1158,not_horse,0.8996169567108154,27792,51866
1159,not_horse,0.9999799728393556,27816,51866
1160,not_horse,0.9999394416809082,27840,51866
1161,not_horse,0.9867050051689148,27864,51866
1162,not_horse,0.9976327419281006,27888,51866
1163,not_horse,0.9999010562896729,27912,51866
1164,not_horse,0.9997608065605164,27936,51866
1165,not_horse,1.0,27960,51866
1166,not_horse,0.9999964237213136,27984,51866
1167,not_horse,0.9973994493484496,28008,51866
1168,not_horse,0.999543845653534,28032,51866
1169,not_horse,0.9980348944664,28056,51866
1170,not_horse,0.9992194175720216,28080,51866
1171,not_horse,0.9998132586479188,28104,51866
1172,not_horse,0.9989417195320128,28128,51866
1173,not_horse,0.9999943971633912,28152,51866
1174,not_horse,0.9999985694885254,28176,51866
1175,not_horse,0.9999977350234984,28200,51866
1176,not_horse,0.9999921321868896,28224,51866
1177,not_horse,0.9999997615814208,28248,51866
1178,not_horse,0.9995416402816772,28272,51866
1179,not_horse,0.9999958276748656,28296,51866
1180,not_horse,0.9999146461486816,28320,51866
1181,not_horse,0.999957799911499,28344,51866
1182,not_horse,0.9999816417694092,28368,51866
1183,not_horse,0.9999939203262328,28392,51866
1184,not_horse,0.9999901056289672,28416,51866
1185,not_horse,0.9989978671073914,28440,51866
1186,not_horse,0.9984309077262878,28464,51866
1187,not_horse,0.9999017715454102,28488,51866
1188,not_horse,0.9628450274467468,28512,51866
1189,not_horse,0.9109297394752502,28536,51866
1190,not_horse,0.9999998807907104,28560,51866
1191,not_horse,0.9991612434387208,28584,51866
1192,not_horse,0.9999998807907104,28608,51866
1193,not_horse,1.0,28632,51866
1194,not_horse,0.9999096393585204,28656,51866
1195,not_horse,0.9999924898147584,28680,51866
1196,not_horse,0.9999243021011353,28704,51866
1197,not_horse,0.9999767541885376,28728,51866
1198,not_horse,0.9990548491477966,28752,51866
1199,not_horse,0.999993085861206,28776,51866
1200,not_horse,0.9999723434448242,28800,51866
1201,not_horse,0.999991774559021,28824,51866
1202,not_horse,0.9999998807907104,28848,51866
1203,not_horse,0.9999964237213136,28872,51866
1204,not_horse,0.9999998807907104,28896,51866
1205,not_horse,0.9999997615814208,28920,51866
1206,not_horse,1.0,28944,51866
1207,not_horse,0.9999998807907104,28968,51866
1208,not_horse,1.0,28992,51866
1209,not_horse,0.9999991655349731,29016,51866
1210,not_horse,0.9999998807907104,29040,51866
1211,not_horse,0.9999995231628418,29064,51866
1212,not_horse,0.9999995231628418,29088,51866
1213,not_horse,0.9999983310699464,29112,51866
1214,not_horse,1.0,29136,51866
1215,not_horse,0.9999998807907104,29160,51866
1216,not_horse,0.9999990463256836,29184,51866
1217,not_horse,0.9999954700469972,29208,51866
1218,not_horse,0.9999996423721312,29232,51866
1219,not_horse,0.9999994039535522,29256,51866
1220,not_horse,0.9999285936355592,29280,51866
1221,not_horse,0.9999934434890748,29304,51866
1222,not_horse,0.9999998807907104,29328,51866
1223,not_horse,0.9999990463256836,29352,51866
1224,not_horse,0.9999970197677612,29376,51866
1225,not_horse,0.9999994039535522,29400,51866
1226,not_horse,0.9999976158142092,29424,51866
1227,not_horse,0.999916672706604,29448,51866
1228,not_horse,0.9999964237213136,29472,51866
1229,not_horse,0.999937891960144,29496,51866
1230,not_horse,0.7547733783721924,29520,51866
1231,not_horse,0.9998446702957152,29544,51866
1232,not_horse,0.9998273253440856,29568,51866
1233,not_horse,0.999784290790558,29592,51866
1234,not_horse,0.9998623132705688,29616,51866
1235,not_horse,0.9962658286094666,29640,51866
1236,not_horse,0.9953225255012512,29664,51866
1237,not_horse,0.9987636804580688,29688,51866
1238,not_horse,0.9980284571647644,29712,51866
1239,not_horse,0.9993515610694884,29736,51866
1240,not_horse,0.9999603033065796,29760,51866
1241,not_horse,0.999942421913147,29784,51866
1242,not_horse,0.9999951124191284,29808,51866
1243,not_horse,0.9999995231628418,29832,51866
1244,not_horse,0.9999724626541138,29856,51866
1245,not_horse,0.9999759197235109,29880,51866
1246,not_horse,0.9999985694885254,29904,51866
1247,not_horse,0.9999982118606568,29928,51866
1248,not_horse,0.9999998807907104,29952,51866
1249,not_horse,0.9998984336853028,29976,51866
1250,not_horse,0.9999799728393556,30000,51866
1251,not_horse,0.9996761083602904,30024,51866
1252,not_horse,0.9999219179153442,30048,51866
1253,not_horse,0.9999206066131592,30072,51866
1254,not_horse,0.9999542236328124,30096,51866
1255,not_horse,0.988491415977478,30120,51866
1256,not_horse,1.0,30144,51866
1257,not_horse,1.0,30168,51866
1258,not_horse,0.9999998807907104,30192,51866
1259,not_horse,1.0,30216,51866
1260,not_horse,0.9999998807907104,30240,51866
1261,not_horse,0.9999746084213256,30264,51866
1262,not_horse,0.9999840259552002,30288,51866
1263,not_horse,0.9999905824661256,30312,51866
1264,not_horse,0.9999912977218628,30336,51866
1265,not_horse,0.9949085116386414,30360,51866
1266,not_horse,0.9995457530021667,30384,51866
1267,not_horse,0.999588906764984,30408,51866
1268,not_horse,0.990237295627594,30432,51866
1269,not_horse,0.9964239001274108,30456,51866
1270,not_horse,0.9637868404388428,30480,51866
1271,not_horse,0.8341500163078308,30504,51866
1272,not_horse,0.9707776308059692,30528,51866
1273,not_horse,0.9935407042503356,30552,51866
1274,not_horse,0.9994692206382751,30576,51866
1275,not_horse,0.999735414981842,30600,51866
1276,not_horse,0.9993757605552672,30624,51866
1277,not_horse,0.9990382194519044,30648,51866
1278,not_horse,0.986729383468628,30672,51866
1279,not_horse,0.9906656742095948,30696,51866
1280,not_horse,0.9908128380775452,30720,51866
1281,not_horse,0.97747540473938,30744,51866
1282,not_horse,0.9822214245796204,30768,51866
1283,not_horse,0.9996920824050904,30792,51866
1284,not_horse,0.9995416402816772,30816,51866
1285,not_horse,0.999865174293518,30840,51866
1286,not_horse,0.9999412298202516,30864,51866
1287,not_horse,0.9975987076759338,30888,51866
1288,not_horse,0.9967288970947266,30912,51866
1289,not_horse,0.9942460656166076,30936,51866
1290,not_horse,0.9942623972892758,30960,51866
1291,not_horse,0.9896337985992432,30984,51866
1292,not_horse,0.9996771812438964,31008,51866
1293,not_horse,0.9816150069236756,31032,51866
1294,not_horse,0.9987459182739258,31056,51866
1295,not_horse,0.9994910955429076,31080,51866
1296,not_horse,0.9998689889907836,31104,51866
1297,not_horse,0.9999626874923706,31128,51866
1298,not_horse,0.999944806098938,31152,51866
1299,not_horse,0.999910831451416,31176,51866
1300,not_horse,0.9999704360961914,31200,51866
1301,not_horse,0.999980092048645,31224,51866
1302,not_horse,0.9999592304229736,31248,51866
1303,not_horse,0.9999654293060304,31272,51866
1304,not_horse,0.9999836683273317,31296,51866
1305,not_horse,0.999908447265625,31320,51866
1306,not_horse,0.9997079968452454,31344,51866
1307,not_horse,0.9999563694000244,31368,51866
1308,not_horse,0.9997882246971128,31392,51866
1309,not_horse,0.9967185854911804,31416,51866
1310,not_horse,0.9901646971702576,31440,51866
1311,not_horse,0.998931348323822,31464,51866
1312,not_horse,0.9979483485221864,31488,51866
1313,not_horse,0.9972660541534424,31512,51866
1314,not_horse,0.99687659740448,31536,51866
1315,not_horse,0.997490644454956,31560,51866
1316,not_horse,0.9974651336669922,31584,51866
1317,not_horse,0.9856263995170592,31608,51866
1318,not_horse,0.9935269355773926,31632,51866
1319,not_horse,0.9979217648506165,31656,51866
1320,not_horse,0.9910678267478944,31680,51866
1321,not_horse,0.99581378698349,31704,51866
1322,not_horse,0.9944403767585754,31728,51866
1323,not_horse,0.9927364587783812,31752,51866
1324,not_horse,0.993998885154724,31776,51866
1325,not_horse,0.9997918009757996,31800,51866
1326,not_horse,0.99999737739563,31824,51866
1327,not_horse,0.9999951124191284,31848,51866
1328,not_horse,0.9999998807907104,31872,51866
1329,not_horse,1.0,31896,51866
1330,not_horse,1.0,31920,51866
1331,not_horse,1.0,31944,51866
1332,not_horse,1.0,31968,51866
1333,not_horse,0.9999998807907104,31992,51866
1334,not_horse,0.9999778270721436,32016,51866
1335,not_horse,0.9999992847442628,32040,51866
1336,not_horse,0.949310064315796,32064,51866
1337,not_horse,0.9999908208847046,32088,51866
1338,not_horse,0.9999940395355223,32112,51866
1339,not_horse,0.9997671246528624,32136,51866
1340,not_horse,0.9992941617965698,32160,51866
1341,not_horse,0.9997056126594543,32184,51866
1342,not_horse,0.999721348285675,32208,51866
1343,not_horse,0.9806500673294068,32232,51866
1344,not_horse,0.8594910502433777,32256,51866
1345,not_horse,0.9571662545204164,32280,51866
1346,not_horse,0.9910365343093872,32304,51866
1347,not_horse,0.974934458732605,32328,51866
1348,not_horse,0.9992002844810486,32352,51866
1349,not_horse,0.9963980913162231,32376,51866
1350,not_horse,0.9997861981391908,32400,51866
1351,not_horse,0.9974417686462402,32424,51866
1352,not_horse,0.99998676776886,32448,51866
1353,not_horse,0.9997394680976868,32472,51866
1354,not_horse,0.9843595623970032,32496,51866
1355,not_horse,0.9946495890617372,32520,51866
1356,not_horse,0.9993200302124025,32544,51866
1357,not_horse,0.9999573230743408,32568,51866
1358,not_horse,0.9989559650421144,32592,51866
1359,not_horse,0.9985579848289492,32616,51866
1360,not_horse,0.9992547631263732,32640,51866
1361,not_horse,0.9983081817626952,32664,51866
1362,not_horse,0.998596727848053,32688,51866
1363,not_horse,0.9760209321975708,32712,51866
1364,not_horse,0.9987713694572448,32736,51866
1365,not_horse,0.9997983574867249,32760,51866
1366,not_horse,0.999886989593506,32784,51866
1367,not_horse,0.9999297857284546,32808,51866
1368,not_horse,0.9999443292617798,32832,51866
1369,not_horse,0.9998956918716432,32856,51866
1370,not_horse,0.9999916553497314,32880,51866
1371,not_horse,0.99998140335083,32904,51866
1372,not_horse,0.9999947547912598,32928,51866
1373,not_horse,0.9999966621398926,32952,51866
1374,not_horse,0.999554455280304,32976,51866
1375,not_horse,0.9999600648880004,33000,51866
1376,not_horse,0.999981164932251,33024,51866
1377,not_horse,0.9999969005584716,33048,51866
1378,not_horse,0.9999877214431764,33072,51866
1379,not_horse,0.9999760389328004,33096,51866
1380,not_horse,0.9999982118606568,33120,51866
1381,not_horse,0.9999986886978148,33144,51866
1382,not_horse,0.9999955892562866,33168,51866
1383,not_horse,0.9999897480010986,33192,51866
1384,not_horse,0.9999837875366212,33216,51866
1385,not_horse,0.99998939037323,33240,51866
1386,not_horse,0.9999936819076538,33264,51866
1387,not_horse,0.999996304512024,33288,51866
1388,not_horse,0.9999974966049194,33312,51866
1389,not_horse,0.9999781847000122,33336,51866
1390,not_horse,0.9999486207962036,33360,51866
1391,not_horse,0.9999778270721436,33384,51866
1392,not_horse,0.9999022483825684,33408,51866
1393,not_horse,0.9999784231185912,33432,51866
1394,not_horse,0.9999995231628418,33456,51866
1395,not_horse,0.9999986886978148,33480,51866
1396,not_horse,0.9999762773513794,33504,51866
1397,not_horse,0.9999983310699464,33528,51866
1398,not_horse,0.9998981952667236,33552,51866
1399,not_horse,0.999870538711548,33576,51866
1400,not_horse,0.99998676776886,33600,51866
1401,not_horse,0.9999951124191284,33624,51866
1402,not_horse,0.9999172687530518,33648,51866
1403,not_horse,0.9999873638153076,33672,51866
1404,not_horse,0.9999946355819702,33696,51866
1405,not_horse,0.9999901056289672,33720,51866
1406,not_horse,0.9999833106994628,33744,51866
1407,not_horse,0.99998140335083,33768,51866
1408,not_horse,0.9999290704727172,33792,51866
1409,not_horse,1.0,33816,51866
1410,not_horse,1.0,33840,51866
1411,not_horse,0.999998927116394,33864,51866
1412,not_horse,0.9999905824661256,33888,51866
1413,not_horse,0.9681291580200196,33912,51866
1414,not_horse,0.6832165122032166,33936,51866
1415,not_horse,0.5622900724411011,33960,51866
1416,not_horse,0.9760667085647584,33984,51866
1417,not_horse,0.9995914101600648,34008,51866
1418,not_horse,0.9875325560569764,34032,51866
1419,not_horse,0.9952168464660645,34056,51866
1420,not_horse,0.9869189858436584,34080,51866
1421,not_horse,0.9997733235359192,34104,51866
1422,not_horse,0.9995418787002563,34128,51866
1423,not_horse,0.999797523021698,34152,51866
1424,not_horse,0.9994351267814636,34176,51866
1425,not_horse,0.9788550734519958,34200,51866
1426,not_horse,0.9970502853393556,34224,51866
1427,not_horse,0.9903022646903992,34248,51866
1428,not_horse,0.9946993589401244,34272,51866
1429,not_horse,0.9923061728477478,34296,51866
1430,not_horse,0.9958481788635254,34320,51866
1431,not_horse,0.9920272231101992,34344,51866
1432,not_horse,0.9871865510940552,34368,51866
1433,not_horse,0.9976389408111572,34392,51866
1434,not_horse,0.999942183494568,34416,51866
1435,not_horse,0.999786913394928,34440,51866
1436,not_horse,0.9990856647491456,34464,51866
1437,not_horse,0.9782593250274658,34488,51866
1438,not_horse,0.995537042617798,34512,51866
1439,not_horse,0.8604450821876526,34536,51866
1440,not_horse,0.9983567595481871,34560,51866
1441,not_horse,0.9995519518852234,34584,51866
1442,not_horse,0.9998038411140442,34608,51866
1443,not_horse,0.9680722951889038,34632,51866
1444,not_horse,0.9931522607803344,34656,51866
1445,not_horse,0.9830940961837769,34680,51866
1446,not_horse,0.965306282043457,34704,51866
1447,not_horse,0.99994158744812,34728,51866
1448,not_horse,0.9927074313163756,34752,51866
1449,not_horse,0.9999779462814332,34776,51866
1450,not_horse,0.9995673298835754,34800,51866
1451,not_horse,0.9962116479873656,34824,51866
1452,not_horse,0.999919056892395,34848,51866
1453,not_horse,0.9997690320014954,34872,51866
1454,not_horse,0.999986171722412,34896,51866
1455,not_horse,0.9999992847442628,34920,51866
1456,not_horse,0.9999929666519164,34944,51866
1457,not_horse,0.9982910752296448,34968,51866
1458,not_horse,0.9994101524353028,34992,51866
1459,not_horse,0.9999616146087646,35016,51866
1460,not_horse,0.9999889135360718,35040,51866
1461,not_horse,0.9999105930328368,35064,51866
1462,not_horse,0.999798595905304,35088,51866
1463,not_horse,0.9999998807907104,35112,51866
1464,not_horse,0.9999998807907104,35136,51866
1465,not_horse,0.9998618364334106,35160,51866
1466,not_horse,0.9999972581863404,35184,51866
1467,not_horse,1.0,35208,51866
1468,not_horse,0.9999946355819702,35232,51866
1469,not_horse,1.0,35256,51866
1470,not_horse,0.9995842576026917,35280,51866
1471,not_horse,0.9977926015853882,35304,51866
1472,not_horse,0.9875384569168092,35328,51866
1473,not_horse,0.9995274543762208,35352,51866
1474,not_horse,0.9989247918128968,35376,51866
1475,not_horse,0.9845770001411438,35400,51866
1476,not_horse,0.9994552731513976,35424,51866
1477,not_horse,0.999611794948578,35448,51866
1478,not_horse,0.9317177534103394,35472,51866
1479,not_horse,0.994527280330658,35496,51866
1480,not_horse,0.9749300479888916,35520,51866
1481,not_horse,0.9996918439865112,35544,51866
1482,not_horse,0.9999237060546876,35568,51866
1483,not_horse,0.9989416003227234,35592,51866
1484,not_horse,0.9988136291503906,35616,51866
1485,not_horse,0.9999544620513916,35640,51866
1486,not_horse,0.9740410447120668,35664,51866
1487,not_horse,0.9978072047233582,35688,51866
1488,not_horse,0.9973031282424928,35712,51866
1489,not_horse,0.9919803142547609,35736,51866
1490,not_horse,0.98688405752182,35760,51866
1491,not_horse,0.9212021827697754,35784,51866
1492,not_horse,0.9981902241706848,35808,51866
1493,not_horse,0.9988033771514891,35832,51866
1494,not_horse,0.9596915245056152,35856,51866
1495,not_horse,0.9986567497253418,35880,51866
1496,not_horse,0.9919284582138062,35904,51866
1497,not_horse,0.9999289512634276,35928,51866
1498,not_horse,0.992803156375885,35952,51866
1499,not_horse,0.9902533888816832,35976,51866
1500,not_horse,0.9999059438705444,36000,51866
1501,not_horse,0.977944016456604,36024,51866
1502,not_horse,0.9988325238227844,36048,51866
1503,not_horse,0.996716558933258,36072,51866
1504,not_horse,0.9915233850479126,36096,51866
1505,not_horse,0.9956455826759338,36120,51866
1506,not_horse,0.5759429335594177,36144,51866
1507,not_horse,0.975719153881073,36168,51866
1508,not_horse,0.7856860160827637,36192,51866
1509,not_horse,0.9973127245903016,36216,51866
1510,not_horse,0.8947807550430298,36240,51866
1511,not_horse,0.7863435745239258,36264,51866
1512,not_horse,0.9013972282409668,36288,51866
1513,not_horse,0.9973511695861816,36312,51866
1514,not_horse,0.9932945370674132,36336,51866
1515,not_horse,0.6792976260185242,36360,51866
1516,not_horse,0.8150256276130676,36384,51866
1517,not_horse,0.7520962953567505,36408,51866
1518,not_horse,0.7680450081825256,36432,51866
1519,not_horse,0.5550546646118164,36456,51866
1520,not_horse,0.984355330467224,36480,51866
1521,not_horse,0.9971189498901368,36504,51866
1522,not_horse,0.9265475869178772,36528,51866
1523,not_horse,0.9919203519821168,36552,51866
1524,not_horse,0.9909902811050416,36576,51866
1525,not_horse,0.9559196829795836,36600,51866
1526,not_horse,0.9763454794883728,36624,51866
1527,not_horse,0.9700804948806764,36648,51866
1528,not_horse,0.9928747415542604,36672,51866
1529,not_horse,0.9953302145004272,36696,51866
1530,not_horse,0.9983351826667786,36720,51866
1531,not_horse,0.9978193044662476,36744,51866
1532,not_horse,0.9981587529182434,36768,51866
1533,not_horse,0.9977558255195618,36792,51866
1534,not_horse,0.9992111921310424,36816,51866
1535,not_horse,0.989520788192749,36840,51866
1536,not_horse,0.9885830879211426,36864,51866
1537,not_horse,0.9968997240066528,36888,51866
1538,not_horse,0.9994940757751464,36912,51866
1539,not_horse,0.998035728931427,36936,51866
1540,not_horse,0.9992693066596984,36960,51866
1541,not_horse,0.99971204996109,36984,51866
1542,not_horse,0.9985112547874452,37008,51866
1543,not_horse,0.9975430965423584,37032,51866
1544,not_horse,0.9960792660713196,37056,51866
1545,not_horse,0.9995606541633606,37080,51866
1546,not_horse,0.9986065030097958,37104,51866
1547,not_horse,0.9989988207817078,37128,51866
1548,not_horse,0.906981647014618,37152,51866
1549,not_horse,0.7967662811279297,37176,51866
1550,not_horse,0.6713444590568542,37200,51866
1551,horse,0.4882045686244965,37224,51866
1552,not_horse,0.999882698059082,37248,51866
1553,not_horse,0.9968478083610536,37272,51866
1554,not_horse,0.9996463060379028,37296,51866
1555,not_horse,0.9999892711639404,37320,51866
1556,not_horse,0.9998794794082642,37344,51866
1557,not_horse,0.9999678134918212,37368,51866
1558,not_horse,0.9998750686645508,37392,51866
1559,not_horse,0.9999853372573853,37416,51866
1560,not_horse,0.9998679161071776,37440,51866
1561,not_horse,0.9999116659164428,37464,51866
1562,not_horse,0.9998584985733032,37488,51866
1563,not_horse,0.9992812275886536,37512,51866
1564,not_horse,0.9995984435081482,37536,51866
1565,not_horse,0.999918818473816,37560,51866
1566,not_horse,0.9999271631240844,37584,51866
1567,not_horse,0.9994439482688904,37608,51866
1568,not_horse,0.9995550513267516,37632,51866
1569,not_horse,0.9948068261146544,37656,51866
1570,not_horse,0.9991650581359864,37680,51866
1571,not_horse,0.9990122318267822,37704,51866
1572,not_horse,0.9965550899505616,37728,51866
1573,not_horse,0.978133499622345,37752,51866
1574,not_horse,0.9933319687843324,37776,51866
1575,not_horse,0.9956642985343932,37800,51866
1576,not_horse,0.9882060289382936,37824,51866
1577,not_horse,0.9979094862937928,37848,51866
1578,not_horse,0.9890819787979126,37872,51866
1579,not_horse,0.9956876635551452,37896,51866
1580,not_horse,0.9958601593971252,37920,51866
1581,not_horse,0.971546471118927,37944,51866
1582,not_horse,0.9814432859420776,37968,51866
1583,not_horse,0.9354530572891236,37992,51866
1584,not_horse,0.9473437070846558,38016,51866
1585,not_horse,0.9654816985130308,38040,51866
1586,not_horse,0.6962863206863403,38064,51866
1587,not_horse,0.5099532604217529,38088,51866
1588,not_horse,0.7146700620651245,38112,51866
1589,not_horse,0.6445661187171936,38136,51866
1590,not_horse,0.6634754538536072,38160,51866
1591,not_horse,0.6565699577331543,38184,51866
1592,not_horse,0.6030376553535461,38208,51866
1593,not_horse,0.9197885990142822,38232,51866
1594,not_horse,0.905757486820221,38256,51866
1595,not_horse,0.595633327960968,38280,51866
1596,not_horse,0.9078893661499025,38304,51866
1597,not_horse,0.9670886397361756,38328,51866
1598,not_horse,0.8900613188743591,38352,51866
1599,not_horse,0.8876356482505798,38376,51866
1600,not_horse,0.8833759427070618,38400,51866
1601,not_horse,0.8970695734024048,38424,51866
1602,not_horse,0.8922070860862732,38448,51866
1603,not_horse,0.8566185832023621,38472,51866
1604,not_horse,0.9268537759780884,38496,51866
1605,not_horse,0.9453967213630676,38520,51866
1606,not_horse,0.9467986822128296,38544,51866
1607,not_horse,0.8931529521942139,38568,51866
1608,not_horse,0.8729974627494812,38592,51866
1609,not_horse,0.9276862144470216,38616,51866
1610,not_horse,0.8181262016296387,38640,51866
1611,not_horse,0.9548576474189758,38664,51866
1612,not_horse,0.9821757674217224,38688,51866
1613,not_horse,0.8983986973762512,38712,51866
1614,not_horse,0.9953389167785645,38736,51866
1615,not_horse,0.9965200424194336,38760,51866
1616,not_horse,0.8541293740272522,38784,51866
1617,not_horse,0.9910496473312378,38808,51866
1618,not_horse,0.8521528244018555,38832,51866
1619,not_horse,0.9910474419593812,38856,51866
1620,not_horse,0.9962039589881896,38880,51866
1621,not_horse,0.9177087545394896,38904,51866
1622,not_horse,0.9437433481216432,38928,51866
1623,not_horse,0.969544529914856,38952,51866
1624,not_horse,0.9977694749832152,38976,51866
1625,not_horse,0.9993745684623718,39000,51866
1626,not_horse,0.9999200105667114,39024,51866
1627,not_horse,0.9998213648796082,39048,51866
1628,not_horse,0.9998177886009216,39072,51866
1629,not_horse,0.9999977350234984,39096,51866
1630,not_horse,0.9999994039535522,39120,51866
1631,not_horse,0.999998927116394,39144,51866
1632,not_horse,0.9999986886978148,39168,51866
1633,not_horse,0.9999399185180664,39192,51866
1634,not_horse,0.9627017974853516,39216,51866
1635,not_horse,0.9989801049232484,39240,51866
1636,not_horse,0.9994437098503112,39264,51866
1637,not_horse,0.9999916553497314,39288,51866
1638,not_horse,0.9999413490295408,39312,51866
1639,not_horse,0.9999887943267822,39336,51866
1640,not_horse,0.9999853372573853,39360,51866
1641,not_horse,0.9999715089797974,39384,51866
1642,not_horse,0.999984860420227,39408,51866
1643,not_horse,0.9999613761901855,39432,51866
1644,not_horse,0.9999877214431764,39456,51866
1645,not_horse,0.999923586845398,39480,51866
1646,not_horse,0.9998961687088012,39504,51866
1647,not_horse,0.9999327659606934,39528,51866
1648,not_horse,0.9995682835578918,39552,51866
1649,not_horse,0.9999127388000488,39576,51866
1650,not_horse,0.9994792342185974,39600,51866
1651,not_horse,0.9999542236328124,39624,51866
1652,not_horse,0.9999266862869264,39648,51866
1653,not_horse,0.9999822378158568,39672,51866
1654,not_horse,0.99984610080719,39696,51866
1655,not_horse,0.9998781681060792,39720,51866
1656,not_horse,0.999858260154724,39744,51866
1657,not_horse,0.999841570854187,39768,51866
1658,not_horse,0.9999295473098756,39792,51866
1659,not_horse,0.999979853630066,39816,51866
1660,not_horse,0.9999881982803344,39840,51866
1661,not_horse,0.999990463256836,39864,51866
1662,not_horse,0.9999910593032836,39888,51866
1663,not_horse,0.9999822378158568,39912,51866
1664,not_horse,0.9999853372573853,39936,51866
1665,not_horse,0.9999557733535768,39960,51866
1666,not_horse,0.9999990463256836,39984,51866
1667,not_horse,0.9999870061874392,40008,51866
1668,not_horse,0.9999970197677612,40032,51866
1669,not_horse,0.9999794960021972,40056,51866
1670,not_horse,0.9998877048492432,40080,51866
1671,not_horse,0.9999479055404664,40104,51866
1672,not_horse,0.9999366998672484,40128,51866
1673,not_horse,0.9997193217277528,40152,51866
1674,not_horse,0.999445140361786,40176,51866
1675,not_horse,0.9999610185623168,40200,51866
1676,not_horse,0.9999386072158812,40224,51866
1677,not_horse,0.9996069073677064,40248,51866
1678,not_horse,0.9995288848876952,40272,51866
1679,not_horse,0.9994863271713256,40296,51866
1680,not_horse,0.9999328851699828,40320,51866
1681,not_horse,0.9998018145561218,40344,51866
1682,not_horse,0.9996867179870604,40368,51866
1683,not_horse,0.9996318817138672,40392,51866
1684,not_horse,0.9998338222503662,40416,51866
1685,not_horse,0.9999041557312012,40440,51866
1686,not_horse,0.9998944997787476,40464,51866
1687,not_horse,0.9998859167099,40488,51866
1688,not_horse,0.999948263168335,40512,51866
1689,not_horse,0.9999440908432008,40536,51866
1690,not_horse,0.9999531507492064,40560,51866
1691,not_horse,0.9999929666519164,40584,51866
1692,not_horse,0.999994158744812,40608,51866
1693,not_horse,0.9998632669448853,40632,51866
1694,not_horse,0.9998506307601928,40656,51866
1695,not_horse,0.9999947547912598,40680,51866
1696,not_horse,0.9993170499801636,40704,51866
1697,not_horse,0.999986171722412,40728,51866
1698,not_horse,0.9997439980506896,40752,51866
1699,not_horse,0.9998536109924316,40776,51866
1700,not_horse,0.9999371767044068,40800,51866
1701,not_horse,0.9999597072601318,40824,51866
1702,not_horse,0.9999901056289672,40848,51866
1703,not_horse,0.999582827091217,40872,51866
1704,not_horse,0.9992918968200684,40896,51866
1705,not_horse,0.9999879598617554,40920,51866
1706,not_horse,0.9999929666519164,40944,51866
1707,not_horse,0.9999436140060424,40968,51866
1708,not_horse,0.9999496936798096,40992,51866
1709,not_horse,0.9998149275779724,41016,51866
1710,not_horse,0.9999759197235109,41040,51866
1711,not_horse,0.9993365406990052,41064,51866
1712,not_horse,0.999991774559021,41088,51866
1713,not_horse,0.9999949932098388,41112,51866
1714,not_horse,0.999462068080902,41136,51866
1715,not_horse,0.999996781349182,41160,51866
1716,not_horse,0.9996992349624634,41184,51866
1717,not_horse,0.966202974319458,41208,51866
1718,not_horse,0.9849019646644592,41232,51866
1719,not_horse,0.9998877048492432,41256,51866
1720,not_horse,0.9999966621398926,41280,51866
1721,not_horse,0.9999920129776,41304,51866
1722,not_horse,0.9999958276748656,41328,51866
1723,not_horse,0.999854564666748,41352,51866
1724,not_horse,0.9999819993972778,41376,51866
1725,not_horse,0.9999845027923584,41400,51866
1726,not_horse,0.9999983310699464,41424,51866
1727,not_horse,0.9999998807907104,41448,51866
1728,not_horse,0.9999984502792358,41472,51866
1729,not_horse,0.999129354953766,41496,51866
1730,not_horse,0.9999759197235109,41520,51866
1731,not_horse,0.999887466430664,41544,51866
1732,not_horse,0.9999961853027344,41568,51866
1733,not_horse,0.9577625393867492,41592,51866
1734,not_horse,0.9853488802909852,41616,51866
1735,not_horse,0.9936031699180604,41640,51866
1736,not_horse,0.9998037219047546,41664,51866
1737,not_horse,0.9999836683273317,41688,51866
1738,not_horse,0.9999966621398926,41712,51866
1739,not_horse,0.9996864795684814,41736,51866
1740,not_horse,0.9999979734420776,41760,51866
1741,not_horse,0.9999860525131226,41784,51866
1742,not_horse,0.9999663829803468,41808,51866
1743,not_horse,0.9999914169311525,41832,51866
1744,not_horse,0.999997854232788,41856,51866
1745,not_horse,0.9999985694885254,41880,51866
1746,not_horse,0.9999996423721312,41904,51866
1747,not_horse,0.9999986886978148,41928,51866
1748,not_horse,1.0,41952,51866
1749,not_horse,0.9999970197677612,41976,51866
1750,not_horse,0.9997543692588806,42000,51866
1751,not_horse,0.9975282549858092,42024,51866
1752,not_horse,0.9981252551078796,42048,51866
1753,not_horse,0.9999659061431884,42072,51866
1754,not_horse,0.9999918937683104,42096,51866
1755,not_horse,0.999968409538269,42120,51866
1756,not_horse,0.9999986886978148,42144,51866
1757,not_horse,0.9991986155509948,42168,51866
1758,not_horse,0.9999964237213136,42192,51866
1759,not_horse,0.9964602589607242,42216,51866
1760,not_horse,0.9997112154960632,42240,51866
1761,not_horse,0.9925004839897156,42264,51866
1762,not_horse,0.9875591397285458,42288,51866
1763,not_horse,0.9644534587860109,42312,51866
1764,not_horse,0.9957448840141296,42336,51866
1765,not_horse,0.9998294115066528,42360,51866
1766,not_horse,0.9999116659164428,42384,51866
1767,not_horse,0.9950070381164552,42408,51866
1768,not_horse,1.0,42432,51866
1769,not_horse,0.999995231628418,42456,51866
1770,not_horse,0.9999997615814208,42480,51866
1771,not_horse,1.0,42504,51866
1772,not_horse,0.9999880790710448,42528,51866
1773,not_horse,1.0,42552,51866
1774,not_horse,1.0,42576,51866
1775,not_horse,1.0,42600,51866
1776,not_horse,0.9999994039535522,42624,51866
1777,not_horse,0.9999942779541016,42648,51866
1778,not_horse,0.9999885559082032,42672,51866
1779,not_horse,0.9999804496765136,42696,51866
1780,not_horse,0.999977707862854,42720,51866
1781,not_horse,0.9999971389770508,42744,51866
1782,not_horse,0.9999977350234984,42768,51866
1783,not_horse,0.9999998807907104,42792,51866
1784,not_horse,0.9999995231628418,42816,51866
1785,not_horse,0.9999990463256836,42840,51866
1786,not_horse,0.9999928474426272,42864,51866
1787,not_horse,0.9999996423721312,42888,51866
1788,not_horse,0.9999991655349731,42912,51866
1789,not_horse,0.9999977350234984,42936,51866
1790,not_horse,0.9999991655349731,42960,51866
1791,not_horse,0.999998927116394,42984,51866
1792,not_horse,0.9999994039535522,43008,51866
1793,not_horse,0.9999988079071044,43032,51866
1794,not_horse,0.9999991655349731,43056,51866
1795,not_horse,0.999998927116394,43080,51866
1796,not_horse,0.9999990463256836,43104,51866
1797,not_horse,0.9999990463256836,43128,51866
1798,not_horse,0.9999997615814208,43152,51866
1799,not_horse,0.9999998807907104,43176,51866
1800,not_horse,0.9999991655349731,43200,51866
1801,not_horse,0.9999955892562866,43224,51866
1802,not_horse,0.9998794794082642,43248,51866
1803,not_horse,0.9999545812606812,43272,51866
1804,not_horse,0.9999133348464966,43296,51866
1805,not_horse,0.9999573230743408,43320,51866
1806,not_horse,0.999914288520813,43344,51866
1807,not_horse,0.9999365806579592,43368,51866
1808,not_horse,0.9999980926513672,43392,51866
1809,not_horse,0.9999940395355223,43416,51866
1810,not_horse,0.999998927116394,43440,51866
1811,not_horse,0.9999990463256836,43464,51866
1812,not_horse,0.9999996423721312,43488,51866
1813,not_horse,0.9999959468841552,43512,51866
1814,not_horse,0.9999984502792358,43536,51866
1815,not_horse,0.9999939203262328,43560,51866
1816,not_horse,0.9999998807907104,43584,51866
1817,not_horse,0.9999998807907104,43608,51866
1818,not_horse,1.0,43632,51866
1819,not_horse,0.9999998807907104,43656,51866
1820,not_horse,0.9999998807907104,43680,51866
1821,not_horse,0.9999998807907104,43704,51866
1822,not_horse,0.9999998807907104,43728,51866
1823,not_horse,0.9999998807907104,43752,51866
1824,not_horse,0.9999997615814208,43776,51866
1825,not_horse,0.9999997615814208,43800,51866
1826,not_horse,0.9999996423721312,43824,51866
1827,not_horse,0.9999997615814208,43848,51866
1828,not_horse,0.9999998807907104,43872,51866
1829,not_horse,0.9975979924201964,43896,51866
1830,not_horse,0.98808753490448,43920,51866
1831,not_horse,0.9423396587371826,43944,51866
1832,not_horse,0.9821095466613772,43968,51866
1833,not_horse,0.9866451621055604,43992,51866
1834,not_horse,0.9807026982307434,44016,51866
1835,not_horse,0.9881364107131958,44040,51866
1836,not_horse,0.8796828985214233,44064,51866
1837,not_horse,0.953022301197052,44088,51866
1838,not_horse,0.9530360698699952,44112,51866
1839,not_horse,0.95514577627182,44136,51866
1840,not_horse,0.8862861394882202,44160,51866
1841,not_horse,0.9866228699684144,44184,51866
1842,not_horse,0.9773054122924804,44208,51866
1843,not_horse,0.965766668319702,44232,51866
1844,not_horse,0.9869428873062134,44256,51866
1845,not_horse,0.9922174215316772,44280,51866
1846,not_horse,0.933941662311554,44304,51866
1847,horse,0.4396443367004394,44328,51866
1848,not_horse,0.9911046624183656,44352,51866
1849,not_horse,0.9999494552612304,44376,51866
1850,not_horse,0.9999822378158568,44400,51866
1851,not_horse,0.9999581575393676,44424,51866
1852,not_horse,0.9999467134475708,44448,51866
1853,not_horse,0.9998371601104736,44472,51866
1854,not_horse,0.9993773102760316,44496,51866
1855,not_horse,0.9999885559082032,44520,51866
1856,not_horse,0.9999574422836304,44544,51866
1857,not_horse,0.9992889165878296,44568,51866
1858,not_horse,0.999987244606018,44592,51866
1859,not_horse,0.9999843835830688,44616,51866
1860,not_horse,0.9999549388885498,44640,51866
1861,not_horse,0.9999418258666992,44664,51866
1862,not_horse,0.9999555349349976,44688,51866
1863,not_horse,0.9998623132705688,44712,51866
1864,not_horse,0.999887466430664,44736,51866
1865,not_horse,0.9999905824661256,44760,51866
1866,not_horse,0.9999992847442628,44784,51866
1867,not_horse,0.9999946355819702,44808,51866
1868,not_horse,0.9999991655349731,44832,51866
1869,not_horse,0.9999998807907104,44856,51866
1870,not_horse,0.9999983310699464,44880,51866
1871,not_horse,1.0,44904,51866
1872,not_horse,0.9999985694885254,44928,51866
1873,not_horse,0.9999983310699464,44952,51866
1874,not_horse,0.9998472929000854,44976,51866
1875,not_horse,0.9998973608016968,45000,51866
1876,not_horse,0.9997939467430116,45024,51866
1877,not_horse,0.9988468885421752,45048,51866
1878,not_horse,0.9995187520980836,45072,51866
1879,not_horse,0.9999672174453736,45096,51866
1880,not_horse,0.9998524188995358,45120,51866
1881,not_horse,0.9999822378158568,45144,51866
1882,not_horse,0.9999932050704956,45168,51866
1883,not_horse,0.9999841451644896,45192,51866
1884,not_horse,0.9999876022338868,45216,51866
1885,not_horse,0.9999994039535522,45240,51866
1886,not_horse,0.9999971389770508,45264,51866
1887,not_horse,0.9999983310699464,45288,51866
1888,not_horse,0.99999737739563,45312,51866
1889,not_horse,0.999958872795105,45336,51866
1890,not_horse,0.9999972581863404,45360,51866
1891,not_horse,0.9963217973709106,45384,51866
1892,not_horse,0.9998550415039062,45408,51866
1893,not_horse,0.9994189739227296,45432,51866
1894,not_horse,0.9999880790710448,45456,51866
1895,not_horse,0.9999771118164062,45480,51866
1896,not_horse,0.9999936819076538,45504,51866
1897,not_horse,0.9999923706054688,45528,51866
1898,not_horse,0.9999986886978148,45552,51866
1899,not_horse,0.9999976158142092,45576,51866
1900,not_horse,0.999997854232788,45600,51866
1901,not_horse,0.9999982118606568,45624,51866
1902,not_horse,0.9999995231628418,45648,51866
1903,not_horse,0.9999845027923584,45672,51866
1904,not_horse,0.976004123687744,45696,51866
1905,not_horse,0.9986009001731871,45720,51866
1906,not_horse,0.9883223176002502,45744,51866
1907,not_horse,0.9950560331344604,45768,51866
1908,not_horse,0.9861564636230468,45792,51866
1909,not_horse,0.5008431077003479,45816,51866
1910,not_horse,0.8379817605018616,45840,51866
1911,not_horse,0.9539391398429872,45864,51866
1912,not_horse,0.7523441314697266,45888,51866
1913,not_horse,0.9260024428367616,45912,51866
1914,not_horse,0.5963137745857239,45936,51866
1915,not_horse,0.8717840909957886,45960,51866
1916,not_horse,0.938101291656494,45984,51866
1917,not_horse,0.9349410533905028,46008,51866
1918,not_horse,0.9454494714736938,46032,51866
1919,not_horse,0.7223286628723145,46056,51866
1920,not_horse,0.7154945135116577,46080,51866
1921,not_horse,0.7588353753089905,46104,51866
1922,not_horse,0.8165819644927979,46128,51866
1923,not_horse,0.7592559456825256,46152,51866
1924,not_horse,0.7556149363517761,46176,51866
1925,not_horse,0.671886146068573,46200,51866
1926,not_horse,0.6694735288619995,46224,51866
1927,not_horse,0.8470003008842468,46248,51866
1928,not_horse,0.9995265007019044,46272,51866
1929,not_horse,0.98618745803833,46296,51866
1930,not_horse,0.8347559571266174,46320,51866
1931,not_horse,0.9713647365570068,46344,51866
1932,not_horse,0.9983927607536316,46368,51866
1933,not_horse,0.919474959373474,46392,51866
1934,not_horse,0.9821751713752748,46416,51866
1935,not_horse,0.9935312867164612,46440,51866
1936,not_horse,0.9374093413352966,46464,51866
1937,not_horse,0.970289409160614,46488,51866
1938,not_horse,0.9879804253578186,46512,51866
1939,not_horse,0.9579454660415648,46536,51866
1940,not_horse,0.5315691828727722,46560,51866
1941,not_horse,0.9927010536193848,46584,51866
1942,not_horse,0.9960905909538268,46608,51866
1943,not_horse,0.5575017333030701,46632,51866
1944,horse,0.2480319440364837,46656,51866
1945,not_horse,0.9879655241966248,46680,51866
1946,not_horse,0.9249526262283324,46704,51866
1947,not_horse,0.9872028231620787,46728,51866
1948,not_horse,0.9416170120239258,46752,51866
1949,not_horse,0.9277430176734924,46776,51866
1950,not_horse,0.9801919460296632,46800,51866
1951,not_horse,0.9904678463935852,46824,51866
1952,not_horse,0.7607300877571106,46848,51866
1953,not_horse,0.9846333861351012,46872,51866
1954,not_horse,0.999642848968506,46896,51866
1955,not_horse,0.999695897102356,46920,51866
1956,not_horse,0.9765114188194276,46944,51866
1957,not_horse,0.99868243932724,46968,51866
1958,not_horse,0.9911863207817078,46992,51866
1959,not_horse,0.9981586337089542,47016,51866
1960,not_horse,0.9923230409622192,47040,51866
1961,not_horse,0.7488195896148682,47064,51866
1962,not_horse,0.9863374829292296,47088,51866
1963,not_horse,0.998483955860138,47112,51866
1964,not_horse,0.9959492683410645,47136,51866
1965,not_horse,0.9942038655281068,47160,51866
1966,not_horse,0.9998635053634644,47184,51866
1967,not_horse,0.9997524619102478,47208,51866
1968,not_horse,0.999733865261078,47232,51866
1969,not_horse,0.972519040107727,47256,51866
1970,not_horse,0.9988596439361572,47280,51866
1971,not_horse,0.9951089024543762,47304,51866
1972,not_horse,0.9992245435714722,47328,51866
1973,not_horse,0.9999321699142456,47352,51866
1974,not_horse,0.9999390840530396,47376,51866
1975,not_horse,0.9999804496765136,47400,51866
1976,not_horse,0.9999765157699584,47424,51866
1977,not_horse,0.9999533891677856,47448,51866
1978,not_horse,0.9999982118606568,47472,51866
1979,not_horse,0.9699872732162476,47496,51866
1980,not_horse,0.9999358654022216,47520,51866
1981,not_horse,1.0,47544,51866
1982,not_horse,0.9998797178268432,47568,51866
1983,not_horse,0.9968186616897584,47592,51866
1984,not_horse,0.9998766183853148,47616,51866
1985,not_horse,0.9998903274536132,47640,51866
1986,not_horse,0.9999935626983644,47664,51866
1987,not_horse,0.9999977350234984,47688,51866
1988,not_horse,0.9999954700469972,47712,51866
1989,not_horse,0.9999704360961914,47736,51866
1990,not_horse,0.9999908208847046,47760,51866
1991,not_horse,0.9997845292091372,47784,51866
1992,not_horse,0.9994258880615234,47808,51866
1993,not_horse,0.9994794726371764,47832,51866
1994,not_horse,0.9998738765716552,47856,51866
1995,not_horse,0.9998931884765624,47880,51866
1996,not_horse,0.9993916749954224,47904,51866
1997,not_horse,0.9986932873725892,47928,51866
1998,not_horse,0.9974821209907532,47952,51866
1999,not_horse,0.999405026435852,47976,51866
2000,not_horse,0.9873215556144714,48000,51866
2001,not_horse,0.99921715259552,48024,51866
2002,not_horse,0.9960817694664,48048,51866
2003,not_horse,0.9994157552719116,48072,51866
2004,not_horse,0.9773858785629272,48096,51866
2005,not_horse,0.94435316324234,48120,51866
2006,not_horse,0.9893785119056702,48144,51866
2007,not_horse,0.9999547004699708,48168,51866
2008,not_horse,0.9999940395355223,48192,51866
2009,not_horse,0.999980092048645,48216,51866
2010,not_horse,0.9999971389770508,48240,51866
2011,not_horse,0.9999409914016724,48264,51866
2012,not_horse,0.9999525547027588,48288,51866
2013,not_horse,0.999943733215332,48312,51866
2014,not_horse,0.9999879598617554,48336,51866
2015,not_horse,0.9999911785125732,48360,51866
2016,not_horse,0.948329746723175,48384,51866
2017,not_horse,0.9123718738555908,48408,51866
2018,not_horse,0.9994132518768308,48432,51866
2019,not_horse,0.9990346431732178,48456,51866
2020,not_horse,0.9963256716728208,48480,51866
2021,not_horse,0.99991774559021,48504,51866
2022,not_horse,0.9999388456344604,48528,51866
2023,not_horse,0.9999483823776244,48552,51866
2024,not_horse,0.9999626874923706,48576,51866
2025,not_horse,0.9998371601104736,48600,51866
2026,not_horse,0.9997648596763612,48624,51866
2027,not_horse,0.999968409538269,48648,51866
2028,not_horse,0.9799859523773192,48672,51866
2029,not_horse,0.9975349903106692,48696,51866
2030,not_horse,0.9999854564666748,48720,51866
2031,not_horse,0.9998986721038818,48744,51866
2032,not_horse,0.9999514818191528,48768,51866
2033,not_horse,0.9998526573181152,48792,51866
2034,not_horse,0.9999431371688844,48816,51866
2035,not_horse,0.9999802112579346,48840,51866
2036,not_horse,0.9992105960845948,48864,51866
2037,not_horse,0.9998587369918824,48888,51866
2038,not_horse,0.9999431371688844,48912,51866
2039,not_horse,0.9999383687973022,48936,51866
2040,not_horse,0.9997866749763488,48960,51866
2041,not_horse,0.999942183494568,48984,51866
2042,not_horse,0.9998670816421508,49008,51866
2043,not_horse,0.9997751116752625,49032,51866
2044,not_horse,0.9988817572593688,49056,51866
2045,not_horse,0.9991136193275452,49080,51866
2046,not_horse,0.999284565448761,49104,51866
2047,not_horse,0.9997746348381042,49128,51866
2048,not_horse,0.99995219707489,49152,51866
2049,not_horse,0.9974145889282228,49176,51866
2050,not_horse,0.9997807145118712,49200,51866
2051,not_horse,0.9996256828308104,49224,51866
2052,not_horse,0.9988825917243958,49248,51866
2053,not_horse,0.9986454844474792,49272,51866
2054,not_horse,0.9998579025268556,49296,51866
2055,not_horse,0.9991338849067688,49320,51866
2056,not_horse,0.9989395737648008,49344,51866
2057,not_horse,0.999184548854828,49368,51866
2058,not_horse,0.9998897314071656,49392,51866
2059,not_horse,0.9995093345642092,49416,51866
2060,not_horse,0.999526023864746,49440,51866
2061,not_horse,0.9997455477714542,49464,51866
2062,not_horse,0.9902749061584472,49488,51866
2063,not_horse,0.9122912883758544,49512,51866
2064,not_horse,0.9607624411582948,49536,51866
2065,not_horse,0.9612215161323548,49560,51866
2066,not_horse,0.9187871813774108,49584,51866
2067,horse,0.3774790167808533,49608,51866
2068,not_horse,0.997766137123108,49632,51866
2069,not_horse,0.9759892225265504,49656,51866
2070,not_horse,0.9993898868560792,49680,51866
2071,not_horse,0.9887729287147522,49704,51866
2072,not_horse,0.9814456105232242,49728,51866
2073,not_horse,0.9870906472206116,49752,51866
2074,not_horse,0.9976650476455688,49776,51866
2075,not_horse,0.9983723759651184,49800,51866
2076,not_horse,0.9969502091407776,49824,51866
2077,not_horse,0.9948111772537231,49848,51866
2078,not_horse,0.9957633018493652,49872,51866
2079,not_horse,0.9966549873352052,49896,51866
2080,not_horse,0.9361932277679444,49920,51866
2081,not_horse,0.7993074059486389,49944,51866
2082,not_horse,0.9320788383483888,49968,51866
2083,not_horse,0.9423300623893738,49992,51866
2084,not_horse,0.9481458067893982,50016,51866
2085,not_horse,0.945151388645172,50040,51866
2086,not_horse,0.8941653966903687,50064,51866
2087,not_horse,0.8874167799949646,50088,51866
2088,not_horse,0.9995506405830384,50112,51866
2089,not_horse,0.9973125457763672,50136,51866
2090,not_horse,0.9997848868370056,50160,51866
2091,not_horse,0.9988516569137572,50184,51866
2092,not_horse,0.7933458089828491,50208,51866
2093,not_horse,0.9544046521186828,50232,51866
2094,not_horse,0.9428983330726624,50256,51866
2095,not_horse,0.9159234166145324,50280,51866
2096,not_horse,0.9774248600006104,50304,51866
2097,not_horse,0.9582197070121764,50328,51866
2098,not_horse,0.9800113439559937,50352,51866
2099,not_horse,0.9529223442077636,50376,51866
2100,not_horse,0.9560506343841552,50400,51866
2101,not_horse,0.8555591702461243,50424,51866
2102,not_horse,0.9451600313186646,50448,51866
2103,not_horse,0.9669252038002014,50472,51866
2104,not_horse,0.9708804488182068,50496,51866
2105,not_horse,0.9558042287826538,50520,51866
2106,not_horse,0.8751794099807739,50544,51866
2107,not_horse,0.833881139755249,50568,51866
2108,not_horse,0.7619849443435669,50592,51866
2109,not_horse,0.909256637096405,50616,51866
2110,not_horse,0.6602227687835693,50640,51866
2111,not_horse,0.6502111554145813,50664,51866
2112,not_horse,0.9110401272773744,50688,51866
2113,not_horse,0.8150719404220581,50712,51866
2114,not_horse,0.9872819781303406,50736,51866
2115,not_horse,0.9585108757019044,50760,51866
2116,not_horse,0.8901262879371643,50784,51866
2117,not_horse,0.5780470371246338,50808,51866
2118,horse,0.4984806478023529,50832,51866
2119,not_horse,0.5642244219779968,50856,51866
2120,not_horse,0.7614014744758606,50880,51866
2121,not_horse,0.9586105346679688,50904,51866
2122,not_horse,0.9006835222244263,50928,51866
2123,not_horse,0.9888285994529724,50952,51866
2124,not_horse,0.9996542930603028,50976,51866
2125,not_horse,0.9932367205619812,51000,51866
2126,not_horse,0.9972996115684508,51024,51866
2127,not_horse,0.9992293119430542,51048,51866
2128,not_horse,0.9915341734886168,51072,51866
2129,not_horse,0.9974718689918518,51096,51866
2130,not_horse,0.9986181259155272,51120,51866
2131,not_horse,0.9981600642204284,51144,51866
2132,not_horse,0.998781144618988,51168,51866
2133,not_horse,0.999943733215332,51192,51866
2134,not_horse,0.99990975856781,51216,51866
2135,not_horse,0.9999494552612304,51240,51866
2136,not_horse,0.9999632835388184,51264,51866
2137,not_horse,0.9998877048492432,51288,51866
2138,not_horse,0.99992573261261,51312,51866
2139,not_horse,0.9995478987693788,51336,51866
2140,not_horse,0.9997591376304626,51360,51866
2141,not_horse,0.9997166991233826,51384,51866
2142,not_horse,0.9999381303787231,51408,51866
2143,not_horse,0.9999501705169678,51432,51866
2144,not_horse,0.9997887015342712,51456,51866
2145,not_horse,0.9998455047607422,51480,51866
2146,not_horse,0.99972802400589,51504,51866
2147,not_horse,0.9985723495483398,51528,51866
2148,not_horse,0.9999563694000244,51552,51866
2149,not_horse,0.9994182586669922,51576,51866
2150,not_horse,0.9994996786117554,51600,51866
2151,not_horse,0.9999879598617554,51624,51866
2152,not_horse,0.9999998807907104,51648,51866
2153,not_horse,1.0,51672,51866
2154,not_horse,1.0,51696,51866
2155,not_horse,1.0,51720,51866
2156,not_horse,1.0,51744,51866
2157,not_horse,0.9999955892562866,51768,51866
2158,not_horse,0.999996781349182,51792,51866
2159,not_horse,0.9999972581863404,51816,51866
2160,not_horse,0.9999996423721312,51840,51866
2161,not_horse,0.9999994039535522,51864,51866
2162,not_horse,1.0,51888,51866
2163,not_horse,1.0,51912,51866
2164,not_horse,0.9999998807907104,51936,51866
2165,not_horse,0.9999879598617554,51960,51866
2166,not_horse,0.9999135732650756,51984,51866
2167,not_horse,0.9999289512634276,52008,51866
2168,not_horse,0.9999428987503052,52032,51866
2169,not_horse,0.9999932050704956,52056,51866
2170,not_horse,0.9999982118606568,52080,51866
2171,not_horse,0.9999995231628418,52104,51866
2172,not_horse,1.0,52128,51866
2173,not_horse,0.9999997615814208,52152,51866
2174,not_horse,0.9999998807907104,52176,51866
2175,not_horse,0.9990515112876892,52200,51866
2176,not_horse,0.99999737739563,52224,51866
2177,not_horse,0.9999991655349731,52248,51866
2178,not_horse,0.9999991655349731,52272,51866
2179,not_horse,0.9999988079071044,52296,51866
2180,not_horse,0.9999996423721312,52320,51866
2181,not_horse,1.0,52344,51866
2182,not_horse,0.9999998807907104,52368,51866
2183,not_horse,1.0,52392,51866
2184,not_horse,1.0,52416,51866
2185,not_horse,1.0,52440,51866
2186,not_horse,0.9999997615814208,52464,51866
2187,not_horse,0.9999979734420776,52488,51866
2188,not_horse,1.0,52512,51866
2189,not_horse,1.0,52536,51866
2190,not_horse,1.0,52560,51866
2191,not_horse,1.0,52584,51866
2192,not_horse,1.0,52608,51866
2193,not_horse,0.9999998807907104,52632,51866
2194,not_horse,0.9999998807907104,52656,51866
2195,not_horse,1.0,52680,51866
2196,not_horse,0.9999998807907104,52704,51866
2197,not_horse,0.9999998807907104,52728,51866
2198,not_horse,0.9999998807907104,52752,51866
2199,not_horse,0.9999997615814208,52776,51866
2200,not_horse,1.0,52800,51866
2201,not_horse,0.9999994039535522,52824,51866
2202,not_horse,0.9995854496955872,52848,51866
2203,not_horse,0.9999731779098512,52872,51866
2204,not_horse,0.9999896287918092,52896,51866
2205,not_horse,0.9999897480010986,52920,51866
2206,not_horse,0.9999923706054688,52944,51866
2207,not_horse,0.9999721050262452,52968,51866
2208,not_horse,0.9999983310699464,52992,51866
2209,not_horse,0.9999961853027344,53016,51866
2210,not_horse,0.9998974800109864,53040,51866
2211,not_horse,0.9999997615814208,53064,51866
2212,not_horse,1.0,53088,51866
2213,not_horse,1.0,53112,51866
2214,not_horse,1.0,53136,51866
2215,not_horse,0.9999998807907104,53160,51866
2216,not_horse,0.9999805688858032,53184,51866
2217,not_horse,0.9999731779098512,53208,51866
2218,not_horse,0.9997555613517758,53232,51866
2219,not_horse,0.9997634291648864,53256,51866
2220,not_horse,0.9999775886535645,53280,51866
2221,not_horse,0.9998041987419128,53304,51866
2222,not_horse,0.9999897480010986,53328,51866
2223,not_horse,0.9995248317718506,53352,51866
2224,not_horse,0.999980926513672,53376,51866
2225,not_horse,0.9999650716781616,53400,51866
2226,not_horse,0.9999972581863404,53424,51866
2227,not_horse,0.9999991655349731,53448,51866
2228,not_horse,0.9999982118606568,53472,51866
2229,not_horse,0.9999972581863404,53496,51866
2230,not_horse,0.9055948257446288,53520,51866
2231,not_horse,0.9306644201278688,53544,51866
2232,not_horse,0.7068136930465698,53568,51866
2233,not_horse,0.917232871055603,53592,51866
2234,not_horse,0.9997243285179138,53616,51866
2235,not_horse,0.9999997615814208,53640,51866
2236,not_horse,0.9999998807907104,53664,51866
2237,not_horse,0.999990701675415,53688,51866
2238,not_horse,0.9999239444732666,53712,51866
2239,not_horse,0.999767243862152,53736,51866
2240,not_horse,0.999934196472168,53760,51866
2241,not_horse,0.9989616870880128,53784,51866
2242,not_horse,0.9998213648796082,53808,51866
2243,not_horse,0.9993748068809508,53832,51866
2244,not_horse,0.9782329797744752,53856,51866
2245,not_horse,0.9855123162269592,53880,51866
2246,not_horse,0.7753678560256958,53904,51866
2247,horse,0.4198346734046936,53928,51866
2248,horse,0.479619711637497,53952,51866
2249,not_horse,0.998055100440979,53976,51866
2250,not_horse,0.9996386766433716,54000,51866
2251,not_horse,0.9999903440475464,54024,51866
2252,not_horse,0.9999420642852784,54048,51866
2253,not_horse,0.9917076230049132,54072,51866
2254,not_horse,0.9974483251571656,54096,51866
2255,not_horse,0.9986032843589784,54120,51866
2256,not_horse,0.9988836646080016,54144,51866
2257,not_horse,0.9961811304092408,54168,51866
2258,not_horse,0.9994229078292848,54192,51866
2259,not_horse,0.9995768666267396,54216,51866
2260,not_horse,0.9983857870101928,54240,51866
2261,not_horse,0.998759627342224,54264,51866
2262,not_horse,0.9903900623321532,54288,51866
2263,not_horse,0.9991872906684875,54312,51866
2264,not_horse,0.9991723299026488,54336,51866
2265,not_horse,0.9988813996315002,54360,51866
2266,not_horse,0.9978973865509032,54384,51866
2267,not_horse,0.999834418296814,54408,51866
2268,not_horse,0.9995009899139404,54432,51866
2269,not_horse,0.9973515272140504,54456,51866
2270,not_horse,0.9596474170684814,54480,51866
2271,not_horse,0.9767585992813108,54504,51866
2272,not_horse,0.9995768666267396,54528,51866
2273,not_horse,0.9544322490692142,54552,51866
2274,not_horse,0.99787175655365,54576,51866
2275,not_horse,0.9993608593940736,54600,51866
2276,not_horse,0.9999662637710572,54624,51866
2277,not_horse,0.999887228012085,54648,51866
2278,not_horse,0.9999535083770752,54672,51866
2279,not_horse,0.999896764755249,54696,51866
2280,not_horse,0.9999732971191406,54720,51866
2281,not_horse,0.9998755455017092,54744,51866
2282,not_horse,0.9999762773513794,54768,51866
2283,not_horse,0.999998927116394,54792,51866
2284,not_horse,0.999642848968506,54816,51866
2285,not_horse,0.9986612796783448,54840,51866
2286,not_horse,0.999942421913147,54864,51866
2287,not_horse,0.999996781349182,54888,51866
2288,not_horse,0.9998400211334229,54912,51866
2289,not_horse,0.9999336004257202,54936,51866
2290,not_horse,0.9999958276748656,54960,51866
2291,not_horse,0.9998897314071656,54984,51866
2292,not_horse,0.9998810291290284,55008,51866
2293,not_horse,0.9999059438705444,55032,51866
2294,not_horse,0.9998713731765748,55056,51866
2295,not_horse,0.9999998807907104,55080,51866
2296,not_horse,0.9999983310699464,55104,51866
2297,not_horse,0.9999966621398926,55128,51866
2298,not_horse,1.0,55152,51866
2299,not_horse,0.9993662238121032,55176,51866
2300,not_horse,0.9998898506164552,55200,51866
2301,not_horse,0.9994307160377502,55224,51866
2302,not_horse,0.9993162155151368,55248,51866
2303,not_horse,0.999865174293518,55272,51866
2304,not_horse,0.9670788049697876,55296,51866
2305,not_horse,0.999983549118042,55320,51866
2306,not_horse,0.999951720237732,55344,51866
2307,not_horse,1.0,55368,51866
2308,not_horse,1.0,55392,51866
2309,not_horse,0.9999998807907104,55416,51866
2310,not_horse,0.9999998807907104,55440,51866
2311,not_horse,0.9999997615814208,55464,51866
2312,not_horse,1.0,55488,51866
2313,not_horse,0.9999994039535522,55512,51866
2314,not_horse,0.9970288872718812,55536,51866
2315,not_horse,0.9993184804916382,55560,51866
2316,not_horse,0.9961932897567748,55584,51866
2317,not_horse,0.9999949932098388,55608,51866
2318,not_horse,0.9999929666519164,55632,51866
2319,not_horse,0.9999064207077026,55656,51866
2320,not_horse,0.99939227104187,55680,51866
2321,not_horse,0.9971074461936952,55704,51866
2322,not_horse,0.9993858337402344,55728,51866
2323,not_horse,0.9999748468399048,55752,51866
2324,not_horse,0.9997887015342712,55776,51866
2325,not_horse,0.9989526271820068,55800,51866
2326,not_horse,0.9994341731071472,55824,51866
2327,not_horse,0.9996765851974488,55848,51866
2328,not_horse,0.9999219179153442,55872,51866
2329,not_horse,0.9999877214431764,55896,51866
2330,not_horse,0.9999984502792358,55920,51866
2331,not_horse,0.9997648596763612,55944,51866
2332,not_horse,0.9986016154289246,55968,51866
2333,not_horse,0.9998774528503418,55992,51866
2334,not_horse,0.9998468160629272,56016,51866
2335,not_horse,0.9999736547470092,56040,51866
2336,not_horse,0.999536633491516,56064,51866
2337,not_horse,0.9987776875495912,56088,51866
2338,not_horse,0.9999297857284546,56112,51866
2339,not_horse,0.999951720237732,56136,51866
2340,not_horse,0.9999933242797852,56160,51866
2341,not_horse,0.9998226761817932,56184,51866
2342,not_horse,0.9998569488525392,56208,51866
2343,not_horse,0.9999938011169434,56232,51866
2344,not_horse,0.9999996423721312,56256,51866
2345,not_horse,0.9999419450759888,56280,51866
2346,not_horse,0.9999440908432008,56304,51866
2347,not_horse,1.0,56328,51866
2348,not_horse,0.999858021736145,56352,51866
2349,not_horse,0.9999998807907104,56376,51866
2350,not_horse,0.9999980926513672,56400,51866
2351,not_horse,0.9999995231628418,56424,51866
2352,not_horse,0.9999878406524658,56448,51866
2353,not_horse,0.999997854232788,56472,51866
2354,not_horse,0.7958420515060425,56496,51866
2355,not_horse,0.999990940093994,56520,51866
2356,not_horse,0.9999997615814208,56544,51866
2357,not_horse,0.999893069267273,56568,51866
2358,not_horse,0.9996522665023804,56592,51866
2359,not_horse,0.9998989105224608,56616,51866
2360,not_horse,0.9999986886978148,56640,51866
2361,not_horse,0.9996920824050904,56664,51866
2362,not_horse,0.9986127614974976,56688,51866
2363,not_horse,0.9996882677078248,56712,51866
2364,not_horse,0.9924854636192322,56736,51866
2365,not_horse,0.9923031330108644,56760,51866
2366,not_horse,0.9966362714767456,56784,51866
2367,not_horse,0.9981898665428162,56808,51866
2368,not_horse,0.999137282371521,56832,51866
2369,not_horse,0.9942785501480104,56856,51866
2370,not_horse,0.9985030889511108,56880,51866
2371,not_horse,0.9977682828903198,56904,51866
2372,not_horse,0.9992553591728208,56928,51866
2373,not_horse,0.9956899285316468,56952,51866
2374,not_horse,0.9981762170791626,56976,51866
2375,not_horse,0.9947521686553956,57000,51866
2376,not_horse,0.989227056503296,57024,51866
2377,not_horse,0.9894492626190186,57048,51866
2378,not_horse,0.9998387098312378,57072,51866
2379,not_horse,0.9989319443702698,57096,51866
2380,not_horse,0.9950528740882874,57120,51866
2381,not_horse,0.9798703193664552,57144,51866
2382,not_horse,0.9924726486206056,57168,51866
2383,not_horse,0.9988355040550232,57192,51866
2384,not_horse,0.9771718382835388,57216,51866
2385,not_horse,0.9987192153930664,57240,51866
2386,not_horse,0.9999898672103882,57264,51866
2387,not_horse,0.9922427535057068,57288,51866
2388,not_horse,0.9999996423721312,57312,51866
2389,not_horse,0.9994654059410096,57336,51866
2390,not_horse,0.9999998807907104,57360,51866
2391,not_horse,0.9987032413482666,57384,51866
2392,not_horse,0.9842342734336852,57408,51866
2393,not_horse,0.9939454197883606,57432,51866
2394,not_horse,0.999969244003296,57456,51866
2395,not_horse,0.9825415015220642,57480,51866
2396,not_horse,0.9999985694885254,57504,51866
2397,not_horse,0.9999992847442628,57528,51866
2398,not_horse,0.9999998807907104,57552,51866
2399,not_horse,0.999912977218628,57576,51866
2400,not_horse,0.9239025115966796,57600,51866
2401,not_horse,0.997553288936615,57624,51866
2402,not_horse,0.999868869781494,57648,51866
2403,not_horse,0.997603476047516,57672,51866
2404,not_horse,1.0,57696,51866
2405,not_horse,0.9997774958610536,57720,51866
2406,not_horse,0.9917120933532716,57744,51866
2407,not_horse,0.989249587059021,57768,51866
2408,not_horse,0.9975088834762572,57792,51866
2409,not_horse,0.9975704550743104,57816,51866
2410,not_horse,0.992900848388672,57840,51866
2411,not_horse,0.9878278970718384,57864,51866
2412,not_horse,0.995275378227234,57888,51866
2413,not_horse,0.9987415671348572,57912,51866
2414,not_horse,0.9928345680236816,57936,51866
2415,not_horse,0.999975562095642,57960,51866
2416,not_horse,0.999167799949646,57984,51866
2417,not_horse,0.9952086806297302,58008,51866
2418,not_horse,0.999990463256836,58032,51866
2419,not_horse,0.999996781349182,58056,51866
2420,not_horse,0.996443808078766,58080,51866
2421,not_horse,0.9964313507080078,58104,51866
2422,not_horse,0.995828092098236,58128,51866
2423,not_horse,0.9844879508018494,58152,51866
2424,not_horse,0.992461621761322,58176,51866
2425,not_horse,0.9670363664627076,58200,51866
2426,not_horse,0.9929155111312866,58224,51866
2427,not_horse,0.9709175229072572,58248,51866
2428,not_horse,0.987949013710022,58272,51866
2429,not_horse,0.9913941025733948,58296,51866
2430,not_horse,0.9804393649101256,58320,51866
2431,not_horse,0.9897246360778807,58344,51866
2432,not_horse,0.9952077269554138,58368,51866
2433,not_horse,0.9999297857284546,58392,51866
2434,not_horse,0.999998927116394,58416,51866
2435,not_horse,0.9999955892562866,58440,51866
2436,not_horse,0.9985144734382628,58464,51866
2437,not_horse,0.9981516003608704,58488,51866
2438,not_horse,0.9975994229316713,58512,51866
2439,not_horse,0.9999606609344482,58536,51866
2440,not_horse,0.9977655410766602,58560,51866
2441,not_horse,0.99891197681427,58584,51866
2442,not_horse,0.99962055683136,58608,51866
2443,not_horse,0.9999769926071168,58632,51866
2444,not_horse,1.0,58656,51866
2445,not_horse,0.999980926513672,58680,51866
2446,not_horse,0.996476113796234,58704,51866
2447,not_horse,0.9975968003273008,58728,51866
2448,not_horse,0.9948453903198242,58752,51866
2449,not_horse,0.9999462366104126,58776,51866
2450,not_horse,0.9999983310699464,58800,51866
2451,not_horse,0.9999767541885376,58824,51866
2452,not_horse,0.9997466206550598,58848,51866
2453,not_horse,0.9999998807907104,58872,51866
2454,not_horse,0.9989880919456482,58896,51866
2455,not_horse,0.9991647005081176,58920,51866
2456,not_horse,0.9998722076416016,58944,51866
2457,not_horse,0.9999902248382568,58968,51866
2458,not_horse,0.9999985694885254,58992,51866
2459,not_horse,0.9975056052207948,59016,51866
2460,not_horse,1.0,59040,51866
2461,not_horse,0.9904913306236268,59064,51866
2462,not_horse,0.995960533618927,59088,51866
2463,not_horse,0.999996781349182,59112,51866
2464,not_horse,0.9999716281890868,59136,51866
2465,not_horse,0.9999467134475708,59160,51866
2466,not_horse,0.9999984502792358,59184,51866
2467,not_horse,0.999990701675415,59208,51866
2468,not_horse,0.9999928474426272,59232,51866
2469,not_horse,0.9999997615814208,59256,51866
2470,not_horse,0.9946529865264891,59280,51866
2471,not_horse,0.9977368116378784,59304,51866
2472,not_horse,0.9999644756317142,59328,51866
2473,not_horse,0.99981027841568,59352,51866
2474,horse,0.3400111496448517,59376,51866
2475,not_horse,0.999371349811554,59400,51866
2476,not_horse,0.8374106287956238,59424,51866
2477,not_horse,0.9712297916412354,59448,51866
2478,not_horse,0.7160146832466125,59472,51866
2479,horse,0.2602566778659821,59496,51866
2480,not_horse,0.5897436738014221,59520,51866
2481,not_horse,0.9991031885147096,59544,51866
2482,not_horse,0.8582363724708557,59568,51866
2483,not_horse,0.987467348575592,59592,51866
2484,not_horse,0.8584328889846802,59616,51866
2485,not_horse,0.9873896837234496,59640,51866
2486,not_horse,0.9995355606079102,59664,51866
2487,not_horse,0.9967666864395142,59688,51866
2488,not_horse,0.9999998807907104,59712,51866
2489,not_horse,1.0,59736,51866
2490,not_horse,0.9999568462371826,59760,51866
2491,not_horse,0.99998939037323,59784,51866
2492,not_horse,0.9995983242988586,59808,51866
2493,not_horse,0.9997445940971376,59832,51866
2494,not_horse,0.997065246105194,59856,51866
2495,not_horse,0.9488269090652466,59880,51866
2496,not_horse,0.9950162768363952,59904,51866
2497,not_horse,0.9928458333015442,59928,51866
2498,not_horse,0.9997791647911072,59952,51866
2499,not_horse,0.9999427795410156,59976,51866
2500,not_horse,0.9974578022956848,60000,51866
2501,not_horse,0.9975304007530212,60024,51866
2502,not_horse,0.999068558216095,60048,51866
2503,not_horse,0.9997686743736268,60072,51866
2504,not_horse,0.997812271118164,60096,51866
2505,not_horse,0.9957734942436218,60120,51866
2506,not_horse,0.9803088903427124,60144,51866
2507,not_horse,0.986275315284729,60168,51866
2508,not_horse,0.9678075909614564,60192,51866
2509,not_horse,0.9472357630729676,60216,51866
2510,not_horse,0.9779858589172364,60240,51866
2511,not_horse,0.9985484480857848,60264,51866
2512,not_horse,0.9898415207862854,60288,51866
2513,not_horse,0.9970542192459106,60312,51866
2514,not_horse,0.9960113763809204,60336,51866
2515,not_horse,0.999947428703308,60360,51866
2516,not_horse,0.9996116757392884,60384,51866
2517,not_horse,0.999868869781494,60408,51866
2518,not_horse,0.9998201727867126,60432,51866
2519,not_horse,0.99999737739563,60456,51866
2520,not_horse,0.9999980926513672,60480,51866
2521,not_horse,0.9999940395355223,60504,51866
2522,not_horse,0.9999927282333374,60528,51866
2523,not_horse,0.999561607837677,60552,51866
2524,not_horse,0.9998353719711304,60576,51866
2525,not_horse,0.9999988079071044,60600,51866
2526,not_horse,0.9999886751174928,60624,51866
2527,not_horse,0.9999971389770508,60648,51866
2528,not_horse,0.9999878406524658,60672,51866
2529,not_horse,0.9999995231628418,60696,51866
2530,not_horse,0.9999998807907104,60720,51866
2531,not_horse,0.9999982118606568,60744,51866
2532,not_horse,0.9999645948410034,60768,51866
2533,not_horse,0.9999992847442628,60792,51866
2534,not_horse,0.9999402761459352,60816,51866
2535,not_horse,0.9999984502792358,60840,51866
2536,not_horse,0.9999918937683104,60864,51866
2537,not_horse,0.999837040901184,60888,51866
2538,not_horse,1.0,60912,51866
2539,not_horse,0.9999947547912598,60936,51866
2540,not_horse,0.9999991655349731,60960,51866
2541,not_horse,0.9952869415283204,60984,51866
2542,not_horse,0.9999982118606568,61008,51866
2543,not_horse,0.9999988079071044,61032,51866
2544,not_horse,0.9999935626983644,61056,51866
2545,not_horse,0.9999992847442628,61080,51866
2546,not_horse,0.9999991655349731,61104,51866
2547,not_horse,0.9999990463256836,61128,51866
2548,not_horse,0.9999986886978148,61152,51866
2549,not_horse,0.999957799911499,61176,51866
2550,not_horse,0.9999891519546508,61200,51866
2551,not_horse,0.9999916553497314,61224,51866
2552,not_horse,0.999983549118042,61248,51866
2553,not_horse,0.9999799728393556,61272,51866
2554,not_horse,0.9999871253967284,61296,51866
2555,not_horse,0.9999976158142092,61320,51866
2556,not_horse,0.9999974966049194,61344,51866
2557,not_horse,0.9999654293060304,61368,51866
2558,not_horse,0.999983549118042,61392,51866
2559,not_horse,0.999892234802246,61416,51866
2560,not_horse,0.9819297194480896,61440,51866
2561,not_horse,0.9999778270721436,61464,51866
2562,not_horse,0.999953269958496,61488,51866
2563,not_horse,0.9981834292411804,61512,51866
2564,not_horse,0.9893603324890136,61536,51866
2565,not_horse,0.9929336309432985,61560,51866
2566,not_horse,0.9652197360992432,61584,51866
2567,not_horse,0.9882430434226992,61608,51866
2568,not_horse,0.9981279969215392,61632,51866
2569,not_horse,0.93736469745636,61656,51866
2570,not_horse,0.9477118849754332,61680,51866
2571,not_horse,0.9763590097427368,61704,51866
2572,not_horse,0.901530146598816,61728,51866
2573,not_horse,0.9494643807411194,61752,51866
2574,not_horse,0.9653065800666808,61776,51866
2575,not_horse,0.9134264588356018,61800,51866
2576,not_horse,0.9646137356758118,61824,51866
2577,not_horse,0.924795389175415,61848,51866
2578,not_horse,0.9882686138153076,61872,51866
2579,not_horse,0.978528082370758,61896,51866
2580,not_horse,0.992438018321991,61920,51866
2581,not_horse,0.9758483171463012,61944,51866
2582,not_horse,0.9874702095985411,61968,51866
2583,not_horse,0.9865343570709229,61992,51866
2584,not_horse,0.9979501366615297,62016,51866
2585,not_horse,0.9887709021568298,62040,51866
2586,not_horse,0.7517852783203125,62064,51866
2587,not_horse,0.9954719543457032,62088,51866
2588,not_horse,0.999386429786682,62112,51866
2589,not_horse,0.9981460571289062,62136,51866
2590,not_horse,0.9994537234306335,62160,51866
2591,not_horse,0.9990370273590088,62184,51866
2592,not_horse,0.970003306865692,62208,51866
2593,not_horse,0.9904324412345886,62232,51866
2594,not_horse,0.9999827146530152,62256,51866
2595,not_horse,0.9999464750289916,62280,51866
2596,not_horse,0.9998809099197388,62304,51866
2597,not_horse,0.9999880790710448,62328,51866
2598,not_horse,0.9781075119972228,62352,51866
2599,not_horse,0.9995006322860718,62376,51866
2600,not_horse,0.9990322589874268,62400,51866
2601,not_horse,0.997249186038971,62424,51866
2602,not_horse,0.9981753826141356,62448,51866
2603,not_horse,0.9998512268066406,62472,51866
2604,not_horse,0.9999778270721436,62496,51866
2605,not_horse,0.999996781349182,62520,51866
2606,not_horse,0.5315510630607605,62544,51866
2607,not_horse,0.9991303086280824,62568,51866
2608,not_horse,0.9999275207519532,62592,51866
2609,not_horse,0.9999785423278807,62616,51866
2610,not_horse,0.9997076392173768,62640,51866
2611,not_horse,0.9992608428001404,62664,51866
2612,not_horse,0.9999326467514038,62688,51866
2613,not_horse,0.9998387098312378,62712,51866
2614,not_horse,0.9999409914016724,62736,51866
2615,not_horse,0.9996435642242432,62760,51866
2616,not_horse,0.9996216297149658,62784,51866
2617,not_horse,0.9997271895408628,62808,51866
2618,not_horse,0.999619960784912,62832,51866
2619,not_horse,0.9985937476158142,62856,51866
2620,not_horse,0.9999324083328248,62880,51866
2621,not_horse,0.999995231628418,62904,51866
2622,not_horse,0.999993085861206,62928,51866
2623,not_horse,0.999980092048645,62952,51866
2624,not_horse,0.999998927116394,62976,51866
2625,not_horse,0.9997448325157166,63000,51866
2626,not_horse,0.9999871253967284,63024,51866
2627,not_horse,0.9999799728393556,63048,51866
2628,not_horse,0.9999778270721436,63072,51866
2629,not_horse,0.9998142123222352,63096,51866
2630,not_horse,0.9998670816421508,63120,51866
2631,not_horse,0.999964952468872,63144,51866
2632,not_horse,0.999990463256836,63168,51866
2633,not_horse,0.999929904937744,63192,51866
2634,not_horse,0.9998828172683716,63216,51866
2635,not_horse,0.9999518394470216,63240,51866
2636,not_horse,0.9975035786628724,63264,51866
2637,not_horse,0.9998983144760132,63288,51866
2638,not_horse,0.9988080263137816,63312,51866
2639,not_horse,0.9991494417190552,63336,51866
2640,not_horse,0.9998395442962646,63360,51866
2641,not_horse,0.9946551322937012,63384,51866
2642,not_horse,0.9779991507530212,63408,51866
2643,not_horse,0.994508683681488,63432,51866
2644,not_horse,0.9975641965866088,63456,51866
2645,not_horse,0.907703697681427,63480,51866
2646,not_horse,0.9999980926513672,63504,51866
2647,not_horse,0.9957274198532104,63528,51866
2648,not_horse,0.9972628355026244,63552,51866
2649,not_horse,0.983217477798462,63576,51866
2650,not_horse,0.9934635162353516,63600,51866
2651,not_horse,0.999930500984192,63624,51866
2652,not_horse,0.9998841285705566,63648,51866
2653,not_horse,0.9999728202819824,63672,51866
2654,not_horse,0.9996458292007446,63696,51866
2655,not_horse,0.9986608028411864,63720,51866
2656,not_horse,0.999552309513092,63744,51866
2657,not_horse,0.9997584223747252,63768,51866
2658,not_horse,0.9966663718223572,63792,51866
2659,not_horse,0.9993476271629332,63816,51866
2660,not_horse,0.9989238381385804,63840,51866
2661,not_horse,0.9957290291786194,63864,51866
2662,not_horse,0.999015212059021,63888,51866
2663,not_horse,0.9992755055427552,63912,51866
2664,not_horse,0.9997829794883728,63936,51866
2665,not_horse,0.9994069337844848,63960,51866
2666,not_horse,0.9993780851364136,63984,51866
2667,not_horse,0.999567210674286,64008,51866
2668,not_horse,0.9999523162841796,64032,51866
2669,not_horse,0.9997504353523254,64056,51866
2670,not_horse,0.9992639422416688,64080,51866
2671,not_horse,0.9991188645362854,64104,51866
2672,not_horse,0.9984473586082458,64128,51866
2673,not_horse,0.9988792538642884,64152,51866
2674,not_horse,0.9965362548828124,64176,51866
2675,not_horse,0.9991003274917604,64200,51866
2676,not_horse,0.9992274045944214,64224,51866
2677,not_horse,0.9996684789657592,64248,51866
2678,not_horse,0.997584342956543,64272,51866
2679,not_horse,0.9991564750671388,64296,51866
2680,not_horse,0.99978369474411,64320,51866
2681,not_horse,0.9992695450782776,64344,51866
2682,not_horse,0.9955701231956482,64368,51866
2683,not_horse,0.9996271133422852,64392,51866
2684,not_horse,0.9968984127044678,64416,51866
2685,not_horse,0.9995017051696776,64440,51866
2686,not_horse,0.999642014503479,64464,51866
2687,not_horse,0.9997473359107972,64488,51866
2688,not_horse,0.9989396929740906,64512,51866
2689,not_horse,0.9991098046302797,64536,51866
2690,not_horse,0.999509572982788,64560,51866
2691,not_horse,0.997053861618042,64584,51866
2692,not_horse,0.991958498954773,64608,51866
2693,not_horse,0.9977858066558838,64632,51866
2694,not_horse,0.9984903335571288,64656,51866
2695,not_horse,0.9911512732505798,64680,51866
2696,not_horse,0.9451672434806824,64704,51866
2697,not_horse,0.9924391508102416,64728,51866
2698,not_horse,0.9927895665168762,64752,51866
2699,not_horse,0.991380512714386,64776,51866
2700,not_horse,0.9904781579971312,64800,51866
2701,not_horse,0.9964780211448668,64824,51866
2702,not_horse,0.9930289387702942,64848,51866
2703,not_horse,0.999996304512024,64872,51866
2704,not_horse,1.0,64896,51866
2705,not_horse,0.9999886751174928,64920,51866
2706,not_horse,0.9999988079071044,64944,51866
2707,not_horse,0.9996050000190736,64968,51866
2708,not_horse,0.9999924898147584,64992,51866
2709,not_horse,0.9999972581863404,65016,51866
2710,not_horse,0.999986171722412,65040,51866
2711,not_horse,0.9998533725738524,65064,51866
2712,not_horse,0.9998477697372437,65088,51866
2713,not_horse,0.9999508857727052,65112,51866
2714,not_horse,0.9999539852142334,65136,51866
2715,not_horse,0.9999955892562866,65160,51866
2716,not_horse,0.9999772310256958,65184,51866
2717,not_horse,0.9999971389770508,65208,51866
2718,not_horse,0.9752569198608398,65232,51866
2719,not_horse,0.99999737739563,65256,51866
2720,not_horse,0.9999110698699952,65280,51866
2721,not_horse,0.9998188614845276,65304,51866
2722,not_horse,0.9999109506607056,65328,51866
2723,not_horse,0.9999475479125975,65352,51866
2724,not_horse,0.9999997615814208,65376,51866
2725,not_horse,0.9999998807907104,65400,51866
2726,not_horse,0.9999988079071044,65424,51866
2727,not_horse,0.9999994039535522,65448,51866
2728,not_horse,0.9999691247940063,65472,51866
2729,not_horse,0.9999929666519164,65496,51866
2730,not_horse,0.9999998807907104,65520,51866
2731,not_horse,0.9999994039535522,65544,51866
2732,not_horse,1.0,65568,51866
2733,not_horse,0.9999948740005492,65592,51866
2734,not_horse,0.9999998807907104,65616,51866
2735,not_horse,0.999994158744812,65640,51866
2736,not_horse,0.9999948740005492,65664,51866
2737,not_horse,0.9999969005584716,65688,51866
2738,not_horse,0.9999873638153076,65712,51866
2739,not_horse,0.9999908208847046,65736,51866
2740,not_horse,0.9999725818634032,65760,51866
2741,not_horse,0.9999985694885254,65784,51866
2742,not_horse,0.9999775886535645,65808,51866
2743,not_horse,0.9999983310699464,65832,51866
2744,not_horse,0.9999932050704956,65856,51866
2745,not_horse,0.9999349117279052,65880,51866
2746,not_horse,0.999944806098938,65904,51866
2747,not_horse,0.9958595633506776,65928,51866
2748,not_horse,0.9998258948326112,65952,51866
2749,not_horse,0.9997584223747252,65976,51866
2750,not_horse,0.9989895224571228,66000,51866
2751,not_horse,0.9956262111663818,66024,51866
2752,not_horse,0.995126485824585,66048,51866
2753,not_horse,0.9968886971473694,66072,51866
2754,not_horse,0.9932314157485962,66096,51866
2755,not_horse,0.999330759048462,66120,51866
2756,not_horse,0.9999986886978148,66144,51866
2757,not_horse,0.9999862909317015,66168,51866
2758,not_horse,0.999953269958496,66192,51866
2759,not_horse,0.9820054769515992,66216,51866
2760,not_horse,0.9280937910079956,66240,51866
2761,not_horse,0.9982088804244996,66264,51866
2762,not_horse,0.9987205266952516,66288,51866
2763,not_horse,0.9997063279151917,66312,51866
2764,not_horse,0.9996963739395142,66336,51866
2765,not_horse,0.99920254945755,66360,51866
2766,not_horse,0.9945313334465028,66384,51866
2767,not_horse,0.9764511585235596,66408,51866
2768,not_horse,0.997717022895813,66432,51866
2769,not_horse,0.9996495246887208,66456,51866
2770,not_horse,0.9999991655349731,66480,51866
2771,not_horse,0.9999654293060304,66504,51866
2772,not_horse,0.999179184436798,66528,51866
2773,not_horse,0.9992876648902892,66552,51866
2774,not_horse,0.9997296929359436,66576,51866
2775,not_horse,0.997984766960144,66600,51866
2776,not_horse,0.9737663865089417,66624,51866
2777,not_horse,0.9512014985084534,66648,51866
2778,not_horse,0.9646342396736144,66672,51866
2779,not_horse,0.9952989220619202,66696,51866
2780,not_horse,0.9994109869003296,66720,51866
2781,not_horse,0.9999773502349854,66744,51866
2782,not_horse,0.999929904937744,66768,51866
2783,not_horse,0.9999908208847046,66792,51866
2784,not_horse,0.998976230621338,66816,51866
2785,not_horse,0.947236180305481,66840,51866
2786,not_horse,0.9948250055313108,66864,51866
2787,not_horse,0.9991276860237122,66888,51866
2788,not_horse,0.9998756647109984,66912,51866
2789,not_horse,0.999811351299286,66936,51866
2790,not_horse,0.9999901056289672,66960,51866
2791,not_horse,0.9999637603759766,66984,51866
2792,not_horse,0.9965178966522216,67008,51866
2793,not_horse,0.9998860359191896,67032,51866
2794,not_horse,0.9992221593856812,67056,51866
2795,not_horse,0.9991975426673888,67080,51866
2796,not_horse,0.9254893660545348,67104,51866
2797,not_horse,0.9974110722541808,67128,51866
2798,not_horse,0.9962939620018004,67152,51866
2799,not_horse,0.9912859797477722,67176,51866
2800,not_horse,0.9999995231628418,67200,51866
2801,not_horse,0.9999998807907104,67224,51866
2802,not_horse,0.9999998807907104,67248,51866
2803,not_horse,0.9999997615814208,67272,51866
2804,not_horse,1.0,67296,51866
2805,not_horse,1.0,67320,51866
2806,not_horse,0.9999998807907104,67344,51866
2807,not_horse,0.9999982118606568,67368,51866
2808,not_horse,0.9999997615814208,67392,51866
2809,not_horse,1.0,67416,51866
2810,not_horse,0.9999998807907104,67440,51866
2811,not_horse,1.0,67464,51866
2812,not_horse,0.9999995231628418,67488,51866
2813,not_horse,1.0,67512,51866
2814,not_horse,1.0,67536,51866
2815,not_horse,1.0,67560,51866
2816,not_horse,1.0,67584,51866
2817,not_horse,0.9999998807907104,67608,51866
2818,not_horse,1.0,67632,51866
2819,not_horse,0.9999997615814208,67656,51866
2820,not_horse,0.9999997615814208,67680,51866
2821,not_horse,0.9999995231628418,67704,51866
2822,not_horse,0.9999998807907104,67728,51866
2823,not_horse,0.9999995231628418,67752,51866
2824,not_horse,0.9999997615814208,67776,51866
2825,not_horse,0.9999983310699464,67800,51866
2826,not_horse,0.9999971389770508,67824,51866
2827,not_horse,0.9999979734420776,67848,51866
2828,not_horse,0.9999984502792358,67872,51866
2829,not_horse,0.9999970197677612,67896,51866
2830,not_horse,0.999982476234436,67920,51866
2831,not_horse,0.9999954700469972,67944,51866
2832,not_horse,0.9999688863754272,67968,51866
2833,not_horse,0.999966025352478,67992,51866
2834,not_horse,0.9999985694885254,68016,51866
2835,not_horse,0.9999997615814208,68040,51866
2836,not_horse,0.9998973608016968,68064,51866
2837,not_horse,0.9999778270721436,68088,51866
2838,not_horse,0.9999991655349731,68112,51866
2839,not_horse,0.9932509064674376,68136,51866
2840,not_horse,0.9999991655349731,68160,51866
2841,not_horse,0.9999959468841552,68184,51866
2842,not_horse,0.99999737739563,68208,51866
2843,not_horse,0.9999972581863404,68232,51866
2844,not_horse,0.999272644519806,68256,51866
2845,not_horse,0.9986423850059508,68280,51866
2846,not_horse,0.9998877048492432,68304,51866
2847,not_horse,0.9999185800552368,68328,51866
2848,not_horse,0.999874472618103,68352,51866
2849,not_horse,0.9999594688415528,68376,51866
2850,not_horse,0.9999668598175048,68400,51866
2851,not_horse,0.9999058246612548,68424,51866
2852,not_horse,0.9999620914459229,68448,51866
2853,not_horse,0.99850594997406,68472,51866
2854,not_horse,0.997728168964386,68496,51866
2855,not_horse,0.9992421865463256,68520,51866
2856,not_horse,0.999193012714386,68544,51866
2857,not_horse,0.9995312690734864,68568,51866
2858,not_horse,0.9983626008033752,68592,51866
2859,not_horse,0.9997643828392028,68616,51866
2860,not_horse,0.9996944665908812,68640,51866
2861,not_horse,0.9994407296180724,68664,51866
2862,not_horse,0.9997459053993224,68688,51866
2863,not_horse,0.9996474981307985,68712,51866
2864,not_horse,0.9999691247940063,68736,51866
2865,not_horse,0.9999508857727052,68760,51866
2866,not_horse,0.9999895095825196,68784,51866
2867,not_horse,0.9977712631225586,68808,51866
2868,not_horse,0.9998478889465332,68832,51866
2869,not_horse,0.9999977350234984,68856,51866
2870,not_horse,0.9999990463256836,68880,51866
2871,not_horse,0.9999986886978148,68904,51866
2872,not_horse,0.9999982118606568,68928,51866
2873,not_horse,0.9999959468841552,68952,51866
2874,not_horse,0.9999976158142092,68976,51866
2875,not_horse,0.9999786615371704,69000,51866
2876,not_horse,0.999826729297638,69024,51866
2877,not_horse,0.9984344840049744,69048,51866
2878,not_horse,0.999974012374878,69072,51866
2879,not_horse,0.9999970197677612,69096,51866
2880,not_horse,0.9998974800109864,69120,51866
2881,not_horse,0.9998999834060668,69144,51866
2882,not_horse,0.9999954700469972,69168,51866
2883,not_horse,0.9999986886978148,69192,51866
2884,not_horse,0.999502420425415,69216,51866
2885,not_horse,0.9999569654464722,69240,51866
2886,not_horse,0.9999922513961792,69264,51866
2887,not_horse,0.999995231628418,69288,51866
2888,not_horse,0.9999924898147584,69312,51866
2889,not_horse,0.9999499320983888,69336,51866
2890,not_horse,0.9999202489852904,69360,51866
2891,not_horse,0.999866247177124,69384,51866
2892,not_horse,0.9998693466186525,69408,51866
2893,not_horse,0.9832826852798462,69432,51866
2894,not_horse,0.9964221715927124,69456,51866
2895,not_horse,0.9999895095825196,69480,51866
2896,not_horse,0.9999976158142092,69504,51866
2897,not_horse,0.9999905824661256,69528,51866
2898,not_horse,0.9999576807022096,69552,51866
2899,not_horse,0.9999974966049194,69576,51866
2900,not_horse,0.9999924898147584,69600,51866
2901,not_horse,0.9999983310699464,69624,51866
2902,not_horse,0.9999847412109376,69648,51866
2903,not_horse,0.999980330467224,69672,51866
2904,not_horse,0.9999971389770508,69696,51866
2905,not_horse,0.9999966621398926,69720,51866
2906,not_horse,0.9999767541885376,69744,51866
2907,not_horse,0.9999974966049194,69768,51866
2908,not_horse,0.9992552399635316,69792,51866
2909,not_horse,0.9992401599884032,69816,51866
2910,not_horse,0.999574601650238,69840,51866
2911,not_horse,0.9979919195175172,69864,51866
2912,not_horse,0.9999977350234984,69888,51866
2913,not_horse,0.9999896287918092,69912,51866
2914,not_horse,0.99999737739563,69936,51866
2915,not_horse,0.999998927116394,69960,51866
2916,not_horse,0.9998098015785216,69984,51866
2917,not_horse,0.9957505464553832,70008,51866
2918,not_horse,0.9999959468841552,70032,51866
2919,not_horse,0.9999974966049194,70056,51866
2920,not_horse,0.9915587902069092,70080,51866
2921,not_horse,0.9828960299491882,70104,51866
2922,not_horse,0.9778923392295836,70128,51866
2923,not_horse,0.9983325600624084,70152,51866
2924,not_horse,0.9994646906852722,70176,51866
2925,not_horse,0.9996575117111206,70200,51866
2926,not_horse,0.9993960857391356,70224,51866
2927,not_horse,0.999382734298706,70248,51866
2928,not_horse,0.9999878406524658,70272,51866
2929,not_horse,0.9999979734420776,70296,51866
2930,not_horse,0.9999986886978148,70320,51866
2931,not_horse,0.999991536140442,70344,51866
2932,not_horse,0.9872499108314514,70368,51866
2933,not_horse,0.9793659448623656,70392,51866
2934,not_horse,0.9999969005584716,70416,51866
2935,not_horse,0.9999834299087524,70440,51866
2936,not_horse,0.9969718456268308,70464,51866
2937,not_horse,0.9995135068893432,70488,51866
2938,not_horse,0.9999940395355223,70512,51866
2939,not_horse,0.999996781349182,70536,51866
2940,not_horse,0.9999866485595704,70560,51866
2941,not_horse,0.9997935891151428,70584,51866
2942,not_horse,0.9997236132621764,70608,51866
2943,not_horse,0.9867321848869324,70632,51866
2944,not_horse,0.9998656511306764,70656,51866
2945,not_horse,0.9999679327011108,70680,51866
2946,not_horse,0.999995231628418,70704,51866
2947,not_horse,0.9999997615814208,70728,51866
2948,not_horse,0.9999998807907104,70752,51866
2949,not_horse,0.9999998807907104,70776,51866
2950,not_horse,1.0,70800,51866
2951,not_horse,0.9999998807907104,70824,51866
2952,not_horse,0.9999970197677612,70848,51866
2953,not_horse,0.9999895095825196,70872,51866
2954,not_horse,0.9999992847442628,70896,51866
2955,not_horse,0.9999998807907104,70920,51866
2956,not_horse,1.0,70944,51866
2957,not_horse,0.9999998807907104,70968,51866
2958,not_horse,0.9999898672103882,70992,51866
2959,not_horse,0.9999997615814208,71016,51866
2960,not_horse,0.9999998807907104,71040,51866
2961,not_horse,0.9999998807907104,71064,51866
2962,not_horse,0.9999682903289796,71088,51866
2963,not_horse,0.9999662637710572,71112,51866
2964,not_horse,0.999995231628418,71136,51866
2965,not_horse,0.9999969005584716,71160,51866
2966,not_horse,0.999858260154724,71184,51866
2967,not_horse,0.9999960660934448,71208,51866
2968,not_horse,0.9999983310699464,71232,51866
2969,not_horse,0.99934321641922,71256,51866
2970,not_horse,0.9999852180480956,71280,51866
2971,not_horse,0.9999674558639526,71304,51866
2972,not_horse,0.9999892711639404,71328,51866
2973,not_horse,0.9977596998214722,71352,51866
2974,not_horse,0.9999678134918212,71376,51866
2975,not_horse,0.999578297138214,71400,51866
2976,not_horse,0.9999864101409912,71424,51866
2977,not_horse,0.99997079372406,71448,51866
2978,not_horse,0.9997908473014832,71472,51866
2979,not_horse,0.9994217157363892,71496,51866
2980,not_horse,0.998660445213318,71520,51866
2981,not_horse,0.998262584209442,71544,51866
2982,not_horse,0.9859873652458192,71568,51866
2983,not_horse,0.9880287051200868,71592,51866
2984,not_horse,0.9974418878555298,71616,51866
2985,not_horse,0.9999998807907104,71640,51866
2986,not_horse,0.9999995231628418,71664,51866
2987,not_horse,0.9999996423721312,71688,51866
2988,not_horse,0.9999996423721312,71712,51866
2989,not_horse,0.9999994039535522,71736,51866
2990,not_horse,0.9999992847442628,71760,51866
2991,not_horse,0.9999996423721312,71784,51866
2992,not_horse,0.9999995231628418,71808,51866
2993,not_horse,0.9999996423721312,71832,51866
2994,not_horse,0.9999977350234984,71856,51866
2995,not_horse,0.9999984502792358,71880,51866
2996,not_horse,0.9821913838386536,71904,51866
2997,not_horse,0.985977053642273,71928,51866
2998,not_horse,0.9853963255882264,71952,51866
2999,not_horse,0.9861045479774476,71976,51866
3000,not_horse,0.9883557558059692,72000,51866
3001,not_horse,0.9860923886299132,72024,51866
3002,not_horse,0.9891586303710938,72048,51866
3003,not_horse,0.9999997615814208,72072,51866
3004,not_horse,1.0,72096,51866
3005,horse,0.2012249529361724,72120,51866
3006,not_horse,0.927377998828888,72144,51866
3007,not_horse,0.9908375144004822,72168,51866
3008,not_horse,0.9982467889785768,72192,51866
3009,not_horse,0.9999986886978148,72216,51866
3010,not_horse,0.8932710289955139,72240,51866
3011,not_horse,0.9998373985290528,72264,51866
3012,not_horse,0.9013713598251344,72288,51866
3013,not_horse,0.9999616146087646,72312,51866
3014,not_horse,0.9963369369506836,72336,51866
3015,not_horse,0.9999802112579346,72360,51866
3016,not_horse,0.9998962879180908,72384,51866
3017,not_horse,0.9973739385604858,72408,51866
3018,not_horse,0.871568500995636,72432,51866
3019,not_horse,0.9921972155570984,72456,51866
3020,not_horse,0.9939879179000854,72480,51866
3021,not_horse,0.8873993158340454,72504,51866
3022,not_horse,0.8612773418426514,72528,51866
3023,not_horse,0.9779640436172484,72552,51866
3024,not_horse,0.924959361553192,72576,51866
3025,not_horse,0.9993510842323304,72600,51866
3026,not_horse,0.9978352189064026,72624,51866
3027,not_horse,0.999550998210907,72648,51866
3028,not_horse,0.9562605023384094,72672,51866
3029,not_horse,0.9999970197677612,72696,51866
3030,not_horse,0.9953458905220032,72720,51866
3031,not_horse,0.9993466734886168,72744,51866
3032,not_horse,0.9996925592422484,72768,51866
3033,not_horse,0.9575594663619996,72792,51866
3034,not_horse,0.9996768236160278,72816,51866
3035,not_horse,0.9998587369918824,72840,51866
3036,not_horse,0.9999318122863772,72864,51866
3037,not_horse,0.99998939037323,72888,51866
3038,not_horse,0.9998421669006348,72912,51866
3039,not_horse,0.999800980091095,72936,51866
3040,not_horse,0.999991774559021,72960,51866
3041,not_horse,0.9999879598617554,72984,51866
3042,not_horse,0.9999865293502808,73008,51866
3043,not_horse,0.9999467134475708,73032,51866
3044,not_horse,0.9999560117721558,73056,51866
3045,not_horse,0.9999914169311525,73080,51866
3046,not_horse,0.9995681643486024,73104,51866
3047,not_horse,0.999674916267395,73128,51866
3048,not_horse,0.9989659786224364,73152,51866
3049,not_horse,0.999996781349182,73176,51866
3050,not_horse,0.999988317489624,73200,51866
3051,not_horse,0.9998698234558104,73224,51866
3052,not_horse,0.9983373880386353,73248,51866
3053,not_horse,0.9999923706054688,73272,51866
3054,not_horse,0.9993367791175842,73296,51866
3055,not_horse,0.9096179008483888,73320,51866
3056,not_horse,0.997328758239746,73344,51866
3057,not_horse,0.9950991272926332,73368,51866
3058,not_horse,0.9881476759910583,73392,51866
3059,not_horse,0.9990519881248474,73416,51866
3060,not_horse,0.9999998807907104,73440,51866
3061,not_horse,0.999975085258484,73464,51866
3062,not_horse,0.9998949766159058,73488,51866
3063,not_horse,0.9965752959251404,73512,51866
3064,not_horse,0.9993894100189208,73536,51866
3065,not_horse,0.9999854564666748,73560,51866
3066,not_horse,0.9916350841522216,73584,51866
3067,not_horse,0.9990488886833192,73608,51866
3068,not_horse,0.9999259710311892,73632,51866
3069,not_horse,0.99995219707489,73656,51866
3070,not_horse,0.999554455280304,73680,51866
3071,not_horse,0.9999189376831056,73704,51866
3072,not_horse,0.99983549118042,73728,51866
3073,not_horse,0.9991664886474608,73752,51866
3074,not_horse,0.999997854232788,73776,51866
3075,not_horse,0.9996143579483032,73800,51866
3076,not_horse,0.9994756579399108,73824,51866
3077,not_horse,0.9984222650527954,73848,51866
3078,not_horse,0.9901731014251708,73872,51866
3079,not_horse,0.9971484541893004,73896,51866
3080,not_horse,0.9954741597175598,73920,51866
3081,not_horse,0.9998175501823424,73944,51866
3082,not_horse,0.9999505281448364,73968,51866
3083,not_horse,0.999142050743103,73992,51866
3084,not_horse,0.99990713596344,74016,51866
3085,not_horse,0.9998791217803956,74040,51866
3086,not_horse,0.9973188042640686,74064,51866
3087,not_horse,0.9997208714485168,74088,51866
3088,not_horse,0.9999929666519164,74112,51866
3089,not_horse,0.9999976158142092,74136,51866
3090,not_horse,0.9999885559082032,74160,51866
3091,not_horse,0.9999995231628418,74184,51866
3092,not_horse,0.9999939203262328,74208,51866
3093,not_horse,0.9999701976776124,74232,51866
3094,not_horse,0.9998284578323364,74256,51866
3095,not_horse,0.999908685684204,74280,51866
3096,not_horse,0.9998288154602052,74304,51866
3097,not_horse,0.9995294809341432,74328,51866
3098,not_horse,0.9985729455947876,74352,51866
3099,not_horse,0.9999815225601196,74376,51866
3100,not_horse,0.9999655485153198,74400,51866
3101,not_horse,0.9999996423721312,74424,51866
3102,not_horse,0.9999974966049194,74448,51866
3103,not_horse,0.999998927116394,74472,51866
3104,not_horse,0.9999976158142092,74496,51866
3105,not_horse,0.9999970197677612,74520,51866
3106,not_horse,0.9999996423721312,74544,51866
3107,not_horse,0.9999991655349731,74568,51866
3108,not_horse,0.9999980926513672,74592,51866
3109,not_horse,0.9999995231628418,74616,51866
3110,not_horse,0.999997854232788,74640,51866
3111,not_horse,0.9994819760322572,74664,51866
3112,not_horse,0.9807357192039492,74688,51866
3113,not_horse,0.98063987493515,74712,51866
3114,not_horse,0.9812777638435364,74736,51866
3115,not_horse,0.9947993755340576,74760,51866
3116,not_horse,0.9999928474426272,74784,51866
3117,not_horse,0.9999998807907104,74808,51866
3118,not_horse,0.9912124276161194,74832,51866
3119,not_horse,0.9972973465919496,74856,51866
3120,not_horse,0.999678373336792,74880,51866
3121,not_horse,1.0,74904,51866
3122,not_horse,0.9999877214431764,74928,51866
3123,not_horse,0.9999743700027466,74952,51866
3124,not_horse,0.9999972581863404,74976,51866
3125,not_horse,0.999832034111023,75000,51866
3126,not_horse,0.9996069073677064,75024,51866
3127,not_horse,0.9996885061264038,75048,51866
3128,not_horse,0.999519944190979,75072,51866
3129,not_horse,0.9995046854019164,75096,51866
3130,not_horse,0.9997984766960144,75120,51866
3131,not_horse,0.999710738658905,75144,51866
3132,not_horse,0.9999160766601562,75168,51866
3133,not_horse,0.9999648332595824,75192,51866
3134,not_horse,0.9974628686904908,75216,51866
3135,not_horse,0.9965325593948364,75240,51866
3136,not_horse,0.9288161993026732,75264,51866
3137,not_horse,0.942455530166626,75288,51866
3138,not_horse,0.9963247179985046,75312,51866
3139,not_horse,0.9989525079727172,75336,51866
3140,not_horse,0.9975911378860474,75360,51866
3141,not_horse,0.9999210834503174,75384,51866
3142,not_horse,0.9999812841415404,75408,51866
3143,not_horse,0.9999829530715942,75432,51866
3144,not_horse,0.9999929666519164,75456,51866
3145,not_horse,0.999993085861206,75480,51866
3146,not_horse,0.9999939203262328,75504,51866
3147,not_horse,0.9999921321868896,75528,51866
3148,not_horse,0.9999381303787231,75552,51866
3149,not_horse,0.9998706579208374,75576,51866
3150,not_horse,0.9999454021453856,75600,51866
3151,not_horse,0.999229907989502,75624,51866
3152,not_horse,0.9999669790267944,75648,51866
3153,not_horse,0.9998384714126588,75672,51866
3154,not_horse,0.9999829530715942,75696,51866
3155,not_horse,0.9999512434005736,75720,51866
3156,not_horse,0.9997349381446838,75744,51866
3157,not_horse,0.9998217225074768,75768,51866
3158,not_horse,0.999953031539917,75792,51866
3159,not_horse,0.9999443292617798,75816,51866
3160,not_horse,0.999907612800598,75840,51866
3161,not_horse,0.999914288520813,75864,51866
3162,not_horse,0.9998726844787598,75888,51866
3163,not_horse,0.9999736547470092,75912,51866
3164,not_horse,0.999979853630066,75936,51866
3165,not_horse,0.9999871253967284,75960,51866
3166,not_horse,0.9996451139450072,75984,51866
3167,not_horse,0.9993784427642822,76008,51866
3168,not_horse,0.9992091059684752,76032,51866
3169,not_horse,0.9999043941497804,76056,51866
3170,not_horse,0.9998948574066162,76080,51866
3171,not_horse,0.9999946355819702,76104,51866
3172,not_horse,0.9999736547470092,76128,51866
3173,not_horse,0.999998927116394,76152,51866
3174,not_horse,0.9999998807907104,76176,51866
3175,not_horse,0.9999889135360718,76200,51866
3176,not_horse,0.9999768733978271,76224,51866
3177,not_horse,0.9999884366989136,76248,51866
3178,not_horse,0.9999970197677612,76272,51866
3179,not_horse,0.9999998807907104,76296,51866
3180,not_horse,0.9999974966049194,76320,51866
3181,not_horse,0.9999878406524658,76344,51866
3182,not_horse,0.999962329864502,76368,51866
3183,not_horse,0.9994194507598876,76392,51866
3184,not_horse,0.9999918937683104,76416,51866
3185,not_horse,0.9984745383262634,76440,51866
3186,not_horse,0.9998339414596558,76464,51866
3187,not_horse,0.9997468590736388,76488,51866
3188,not_horse,0.9996402263641356,76512,51866
3189,not_horse,0.9988313317298888,76536,51866
3190,not_horse,0.9946658611297609,76560,51866
3191,not_horse,0.9990332126617432,76584,51866
3192,not_horse,0.9995542168617249,76608,51866
3193,not_horse,0.9999570846557616,76632,51866
3194,not_horse,0.9996455907821656,76656,51866
3195,not_horse,0.9999009370803832,76680,51866
3196,not_horse,0.9999327659606934,76704,51866
3197,not_horse,0.999891757965088,76728,51866
3198,not_horse,0.9994844198226928,76752,51866
3199,not_horse,0.9996851682662964,76776,51866
3200,not_horse,0.9999743700027466,76800,51866
3201,not_horse,0.9999982118606568,76824,51866
3202,not_horse,0.9998774528503418,76848,51866
3203,not_horse,0.999970316886902,76872,51866
3204,not_horse,0.9999945163726808,76896,51866
3205,not_horse,0.9992697834968568,76920,51866
3206,not_horse,0.9990906715393066,76944,51866
3207,not_horse,0.999409317970276,76968,51866
3208,not_horse,0.999351680278778,76992,51866
3209,not_horse,0.998838484287262,77016,51866
3210,not_horse,0.998626708984375,77040,51866
3211,not_horse,0.9990013241767884,77064,51866
3212,not_horse,0.9986431002616882,77088,51866
3213,not_horse,0.999852180480957,77112,51866
3214,not_horse,0.9987702965736388,77136,51866
3215,not_horse,0.9981062412261964,77160,51866
3216,not_horse,0.9637113213539124,77184,51866
3217,not_horse,0.9841407537460328,77208,51866
3218,not_horse,0.757090151309967,77232,51866
3219,not_horse,0.999784767627716,77256,51866
3220,not_horse,0.9991618394851683,77280,51866
3221,not_horse,0.9968920350074768,77304,51866
3222,horse,0.3169125616550445,77328,51866
3223,horse,0.2780643701553345,77352,51866
3224,horse,0.088505320250988,77376,51866
3225,horse,0.1511604636907577,77400,51866
3226,horse,0.0243247058242559,77424,51866
3227,not_horse,0.6484148502349854,77448,51866
3228,horse,0.2370582073926925,77472,51866
3229,horse,0.0980476886034011,77496,51866
3230,not_horse,0.5440393686294556,77520,51866
3231,not_horse,0.96381676197052,77544,51866
3232,not_horse,0.9945141077041626,77568,51866
3233,not_horse,0.8632628917694092,77592,51866
3234,horse,0.2570063173770904,77616,51866
3235,not_horse,0.9841585159301758,77640,51866
3236,not_horse,0.8937028050422668,77664,51866
3237,not_horse,0.7188959121704102,77688,51866
3238,not_horse,0.9814189672470092,77712,51866
3239,not_horse,0.9431717395782472,77736,51866
3240,not_horse,0.9587675333023072,77760,51866
3241,not_horse,0.9703295826911926,77784,51866
3242,not_horse,0.8999314308166504,77808,51866
3243,not_horse,0.9590442180633544,77832,51866
3244,not_horse,0.7450878024101257,77856,51866
3245,not_horse,0.750045895576477,77880,51866
3246,not_horse,0.9503152966499328,77904,51866
3247,not_horse,0.9811621904373168,77928,51866
3248,not_horse,0.9928841590881348,77952,51866
3249,not_horse,0.7687269449234009,77976,51866
3250,not_horse,0.9742776155471802,78000,51866
3251,not_horse,0.9566646814346312,78024,51866
3252,not_horse,0.7822436690330505,78048,51866
3253,not_horse,0.9713952541351318,78072,51866
3254,not_horse,0.9543755650520324,78096,51866
3255,not_horse,0.9977898597717284,78120,51866
3256,not_horse,0.9966272711753844,78144,51866
3257,not_horse,0.98839008808136,78168,51866
3258,not_horse,0.8379051685333252,78192,51866
3259,horse,0.477599173784256,78216,51866
3260,not_horse,0.970321536064148,78240,51866
3261,not_horse,0.9993316531181335,78264,51866
3262,not_horse,0.7776878476142883,78288,51866
3263,not_horse,0.6998563408851624,78312,51866
3264,not_horse,0.9985570311546326,78336,51866
3265,not_horse,0.9710294604301452,78360,51866
3266,not_horse,0.9907774925231934,78384,51866
3267,not_horse,0.9983235001564026,78408,51866
3268,not_horse,0.9986660480499268,78432,51866
3269,not_horse,0.99996817111969,78456,51866
3270,not_horse,0.9974041581153872,78480,51866
3271,not_horse,0.9999995231628418,78504,51866
3272,not_horse,0.9997537732124328,78528,51866
3273,not_horse,0.9999938011169434,78552,51866
3274,not_horse,0.9986929297447203,78576,51866
3275,not_horse,0.9999853372573853,78600,51866
3276,not_horse,0.9987388253211976,78624,51866
3277,not_horse,0.9553253650665284,78648,51866
3278,not_horse,0.9844071865081788,78672,51866
3279,not_horse,0.9997029900550842,78696,51866
3280,not_horse,0.9998334646224976,78720,51866
3281,not_horse,0.9983141422271729,78744,51866
3282,not_horse,0.9982733726501464,78768,51866
3283,not_horse,0.9984993934631348,78792,51866
3284,not_horse,0.9997914433479308,78816,51866
3285,not_horse,0.9999886751174928,78840,51866
3286,not_horse,0.9925130605697632,78864,51866
3287,not_horse,0.9952768087387084,78888,51866
3288,not_horse,0.99997079372406,78912,51866
3289,not_horse,0.9999648332595824,78936,51866
3290,not_horse,0.9999988079071044,78960,51866
3291,not_horse,0.9999921321868896,78984,51866
3292,not_horse,0.9999854564666748,79008,51866
3293,not_horse,0.9999976158142092,79032,51866
3294,not_horse,0.9999932050704956,79056,51866
3295,not_horse,0.9999940395355223,79080,51866
3296,not_horse,0.9999791383743286,79104,51866
3297,not_horse,0.9999769926071168,79128,51866
3298,not_horse,0.9992899894714355,79152,51866
3299,not_horse,0.999766767024994,79176,51866
3300,not_horse,0.9993608593940736,79200,51866
3301,not_horse,0.999977707862854,79224,51866
3302,not_horse,0.9999147653579712,79248,51866
3303,not_horse,0.9998983144760132,79272,51866
3304,not_horse,0.9846367835998536,79296,51866
3305,not_horse,0.9975681900978088,79320,51866
3306,not_horse,0.9999269247055054,79344,51866
3307,not_horse,0.9999992847442628,79368,51866
3308,not_horse,0.999997854232788,79392,51866
3309,not_horse,0.9999998807907104,79416,51866
3310,not_horse,0.9999555349349976,79440,51866
3311,not_horse,0.9999916553497314,79464,51866
3312,not_horse,1.0,79488,51866
3313,not_horse,1.0,79512,51866
3314,not_horse,0.9920741319656372,79536,51866
3315,not_horse,0.9999573230743408,79560,51866
3316,not_horse,0.999924659729004,79584,51866
3317,not_horse,0.9998071789741516,79608,51866
3318,not_horse,0.9999916553497314,79632,51866
3319,not_horse,0.999964714050293,79656,51866
3320,not_horse,0.9999964237213136,79680,51866
3321,not_horse,0.9999953508377076,79704,51866
3322,not_horse,0.9999890327453612,79728,51866
3323,not_horse,0.9998846054077148,79752,51866
3324,not_horse,0.9996366500854492,79776,51866
3325,not_horse,0.9999382495880128,79800,51866
3326,not_horse,0.99995756149292,79824,51866
3327,not_horse,0.9999881982803344,79848,51866
3328,not_horse,0.9999964237213136,79872,51866
3329,not_horse,0.9999996423721312,79896,51866
3330,not_horse,0.99998939037323,79920,51866
3331,not_horse,0.9999890327453612,79944,51866
3332,not_horse,0.9999796152114868,79968,51866
3333,not_horse,0.999997854232788,79992,51866
3334,not_horse,1.0,80016,51866
3335,not_horse,1.0,80040,51866
3336,not_horse,0.9999369382858276,80064,51866
3337,not_horse,0.9999995231628418,80088,51866
3338,not_horse,0.9999994039535522,80112,51866
3339,not_horse,0.9999971389770508,80136,51866
3340,not_horse,0.9999997615814208,80160,51866
3341,not_horse,0.9999994039535522,80184,51866
3342,not_horse,0.9999966621398926,80208,51866
3343,not_horse,0.9999314546585084,80232,51866
3344,not_horse,0.9996840953826904,80256,51866
3345,not_horse,0.9999687671661376,80280,51866
3346,not_horse,0.9999988079071044,80304,51866
3347,not_horse,0.9999721050262452,80328,51866
3348,not_horse,0.992651641368866,80352,51866
3349,not_horse,0.999930500984192,80376,51866
3350,not_horse,0.9999985694885254,80400,51866
3351,not_horse,0.9999998807907104,80424,51866
3352,not_horse,0.9999738931655884,80448,51866
3353,not_horse,0.9997342228889464,80472,51866
3354,not_horse,0.9999799728393556,80496,51866
3355,not_horse,0.8888158202171326,80520,51866
3356,not_horse,0.9361528158187866,80544,51866
3357,not_horse,0.9782917499542236,80568,51866
3358,not_horse,0.9901689291000366,80592,51866
3359,not_horse,0.9334222674369812,80616,51866
3360,not_horse,0.9136152863502502,80640,51866
3361,not_horse,0.9029718041419984,80664,51866
3362,not_horse,0.9989307522773744,80688,51866
3363,not_horse,0.9999431371688844,80712,51866
3364,not_horse,0.9994215965270996,80736,51866
3365,not_horse,0.9998568296432496,80760,51866
3366,not_horse,0.9998314380645752,80784,51866
3367,not_horse,0.996459186077118,80808,51866
3368,not_horse,0.9844542145729064,80832,51866
3369,not_horse,0.9968812465667723,80856,51866
3370,not_horse,0.9984954595565796,80880,51866
3371,not_horse,0.9997804760932922,80904,51866
3372,not_horse,0.9988742470741272,80928,51866
3373,not_horse,0.9744144082069396,80952,51866
3374,not_horse,0.9993448853492736,80976,51866
3375,not_horse,0.9999935626983644,81000,51866
3376,not_horse,0.9999942779541016,81024,51866
3377,not_horse,0.9999505281448364,81048,51866
3378,not_horse,0.9999932050704956,81072,51866
3379,not_horse,0.9992497563362122,81096,51866
3380,not_horse,0.9999979734420776,81120,51866
3381,not_horse,0.999893069267273,81144,51866
3382,not_horse,1.0,81168,51866
3383,not_horse,1.0,81192,51866
3384,not_horse,1.0,81216,51866
3385,not_horse,1.0,81240,51866
3386,not_horse,1.0,81264,51866
3387,not_horse,0.9927842617034912,81288,51866
3388,not_horse,0.9999891519546508,81312,51866
3389,not_horse,0.996879816055298,81336,51866
3390,not_horse,0.999530553817749,81360,51866
3391,not_horse,0.9945698380470276,81384,51866
3392,not_horse,0.9992040991783142,81408,51866
3393,not_horse,0.9993209838867188,81432,51866
3394,not_horse,0.9058221578598022,81456,51866
3395,not_horse,0.971359372138977,81480,51866
3396,not_horse,0.9484641551971436,81504,51866
3397,not_horse,0.9994409680366516,81528,51866
3398,not_horse,0.9885134100914,81552,51866
3399,not_horse,0.9999233484268188,81576,51866
3400,not_horse,0.9991717338562012,81600,51866
3401,not_horse,0.9997945427894592,81624,51866
3402,not_horse,0.996368169784546,81648,51866
3403,not_horse,0.992436945438385,81672,51866
3404,not_horse,0.9999984502792358,81696,51866
3405,not_horse,0.9998099207878112,81720,51866
3406,not_horse,0.9998298883438108,81744,51866
3407,not_horse,0.9972155094146729,81768,51866
3408,not_horse,0.999596893787384,81792,51866
3409,not_horse,0.9938836693763732,81816,51866
3410,not_horse,0.9997945427894592,81840,51866
3411,not_horse,0.9926222562789916,81864,51866
3412,not_horse,0.9679613709449768,81888,51866
3413,not_horse,0.9988515377044678,81912,51866
3414,not_horse,0.6321843862533569,81936,51866
3415,not_horse,0.7420921921730042,81960,51866
3416,not_horse,0.8351191282272339,81984,51866
3417,not_horse,0.908028483390808,82008,51866
3418,not_horse,0.9232028722763062,82032,51866
3419,not_horse,0.9990172386169434,82056,51866
3420,not_horse,0.9984242916107178,82080,51866
3421,not_horse,0.9834753274917604,82104,51866
3422,not_horse,0.9893871545791626,82128,51866
3423,not_horse,0.9886093139648438,82152,51866
3424,not_horse,0.9819576740264891,82176,51866
3425,not_horse,0.995798647403717,82200,51866
3426,not_horse,0.9743883609771729,82224,51866
3427,not_horse,0.9999971389770508,82248,51866
3428,not_horse,0.9999345541000366,82272,51866
3429,not_horse,0.999934196472168,82296,51866
3430,not_horse,0.9999976158142092,82320,51866
3431,not_horse,0.9997500777244568,82344,51866
3432,not_horse,0.9999746084213256,82368,51866
3433,not_horse,0.9998601675033568,82392,51866
3434,not_horse,0.9999977350234984,82416,51866
3435,not_horse,0.9999902248382568,82440,51866
3436,not_horse,0.9999971389770508,82464,51866
3437,not_horse,0.9999885559082032,82488,51866
3438,not_horse,0.9999964237213136,82512,51866
3439,not_horse,0.7889040112495422,82536,51866
3440,not_horse,0.9944007992744446,82560,51866
3441,not_horse,0.9724612236022948,82584,51866
3442,not_horse,0.9997227787971495,82608,51866
3443,not_horse,0.9957577586174012,82632,51866
3444,not_horse,0.9969977140426636,82656,51866
3445,not_horse,0.997290015220642,82680,51866
3446,not_horse,0.9811826348304749,82704,51866
3447,not_horse,0.9997815489768982,82728,51866
3448,not_horse,0.9998109936714172,82752,51866
3449,not_horse,0.999920129776001,82776,51866
3450,not_horse,0.9987321496009828,82800,51866
3451,not_horse,0.9997054934501648,82824,51866
3452,not_horse,0.9994195699691772,82848,51866
3453,not_horse,0.999993085861206,82872,51866
3454,not_horse,0.9999691247940063,82896,51866
3455,not_horse,0.9999727010726928,82920,51866
3456,not_horse,0.9998810291290284,82944,51866
3457,not_horse,0.9990045428276062,82968,51866
3458,not_horse,0.8970860838890076,82992,51866
3459,not_horse,0.9906325340270996,83016,51866
3460,not_horse,0.989234447479248,83040,51866
3461,not_horse,0.9535788297653198,83064,51866
3462,not_horse,0.9735903143882751,83088,51866
3463,not_horse,0.9988101720809937,83112,51866
3464,not_horse,0.9975858926773072,83136,51866
3465,not_horse,0.9956940412521362,83160,51866
3466,not_horse,0.9987497329711914,83184,51866
3467,not_horse,0.995498538017273,83208,51866
3468,not_horse,0.9999899864196776,83232,51866
3469,not_horse,0.9999932050704956,83256,51866
3470,not_horse,0.9988301396369934,83280,51866
3471,not_horse,0.9999765157699584,83304,51866
3472,not_horse,0.9999574422836304,83328,51866
3473,not_horse,0.999997854232788,83352,51866
3474,not_horse,0.9999669790267944,83376,51866
3475,not_horse,0.9999960660934448,83400,51866
3476,not_horse,0.9999994039535522,83424,51866
3477,not_horse,0.999998927116394,83448,51866
3478,not_horse,0.9999977350234984,83472,51866
3479,not_horse,1.0,83496,51866
3480,not_horse,0.9999986886978148,83520,51866
3481,not_horse,0.9999998807907104,83544,51866
3482,not_horse,0.9988433122634888,83568,51866
3483,not_horse,0.999121367931366,83592,51866
3484,not_horse,0.9875767230987548,83616,51866
3485,not_horse,0.884781002998352,83640,51866
3486,not_horse,0.9997723698616028,83664,51866
3487,not_horse,0.9773737192153932,83688,51866
3488,not_horse,0.8025104403495789,83712,51866
3489,not_horse,0.9919403195381165,83736,51866
3490,not_horse,0.9981335997581482,83760,51866
3491,not_horse,0.9982067346572876,83784,51866
3492,not_horse,0.6651995778083801,83808,51866
3493,not_horse,0.590049684047699,83832,51866
3494,not_horse,0.9967753291130066,83856,51866
3495,not_horse,0.9437918663024902,83880,51866
3496,not_horse,0.9811252355575562,83904,51866
3497,not_horse,0.9962833523750304,83928,51866
3498,not_horse,0.985124945640564,83952,51866
3499,not_horse,0.9949862957000732,83976,51866
3500,not_horse,0.9685445427894592,84000,51866
3501,not_horse,0.9990434050559998,84024,51866
3502,not_horse,0.9994284510612488,84048,51866
3503,not_horse,0.9900581240653992,84072,51866
3504,not_horse,0.9999833106994628,84096,51866
3505,not_horse,0.9994681477546692,84120,51866
3506,not_horse,0.9995692372322084,84144,51866
3507,not_horse,0.994137167930603,84168,51866
3508,horse,0.014166884124279,84192,51866
3509,horse,0.012612972408533,84216,51866
3510,horse,0.1479465067386627,84240,51866
3511,not_horse,0.6612653136253357,84264,51866
3512,horse,0.0039849923923611,84288,51866
3513,not_horse,0.9331424236297609,84312,51866
3514,horse,0.2591335475444793,84336,51866
3515,horse,8.444862032774838e-06,84360,51866
3516,not_horse,0.9999175071716307,84384,51866
3517,not_horse,0.9999880790710448,84408,51866
3518,not_horse,0.9999980926513672,84432,51866
3519,not_horse,0.9999986886978148,84456,51866
3520,not_horse,0.9999977350234984,84480,51866
3521,not_horse,0.9999573230743408,84504,51866
3522,horse,0.0021118011791259,84528,51866
3523,horse,0.0151555547490715,84552,51866
3524,horse,8.291000085591804e-06,84576,51866
3525,not_horse,0.9999605417251588,84600,51866
3526,not_horse,1.0,84624,51866
3527,not_horse,1.0,84648,51866
3528,horse,0.4579700529575348,84672,51866
3529,not_horse,0.5008764266967773,84696,51866
3530,horse,0.0238004978746175,84720,51866
3531,horse,0.0211641415953636,84744,51866
3532,horse,0.0004866078379563,84768,51866
3533,horse,0.2779187262058258,84792,51866
3534,horse,0.0343050509691238,84816,51866
3535,horse,0.0222779735922813,84840,51866
3536,horse,0.0026644861791282,84864,51866
3537,horse,0.0879422426223754,84888,51866
3538,horse,0.3917119503021239,84912,51866
3539,horse,0.0005324989906512,84936,51866
3540,horse,0.0266623180359602,84960,51866
3541,horse,0.2905568778514862,84984,51866
3542,horse,0.0014331922866404,85008,51866
3543,horse,0.2783381342887878,85032,51866
3544,not_horse,0.9639867544174194,85056,51866
3545,not_horse,0.9412298798561096,85080,51866
3546,not_horse,0.6970246434211731,85104,51866
3547,not_horse,0.6858147382736206,85128,51866
3548,not_horse,0.9713905453681946,85152,51866
3549,horse,0.0024211290292441,85176,51866
3550,horse,0.0004654426593333,85200,51866
3551,horse,0.0138545241206884,85224,51866
3552,horse,0.0054048765450716,85248,51866
3553,horse,0.0009444966563023,85272,51866
3554,horse,0.0179909616708755,85296,51866
3555,horse,0.0095240147784352,85320,51866
3556,horse,0.0156903006136417,85344,51866
3557,horse,0.0228596776723861,85368,51866
3558,horse,0.003158445470035,85392,51866
3559,horse,0.0009215868194587,85416,51866
3560,horse,0.0102821653708815,85440,51866
3561,horse,0.0870866701006889,85464,51866
3562,horse,0.2746162414550781,85488,51866
3563,not_horse,0.7438831925392151,85512,51866
3564,not_horse,0.6242939829826355,85536,51866
3565,horse,0.1702259480953216,85560,51866
3566,horse,0.1828860342502594,85584,51866
3567,horse,0.1407382637262344,85608,51866
3568,horse,0.0013747212942689,85632,51866
3569,horse,0.1315050721168518,85656,51866
3570,horse,0.3321626186370849,85680,51866
3571,horse,0.2961266338825226,85704,51866
3572,not_horse,0.7088695764541626,85728,51866
3573,horse,0.0019404226914048,85752,51866
3574,horse,0.0010908683761954,85776,51866
3575,horse,2.5846270546026062e-06,85800,51866
3576,not_horse,0.9844712615013124,85824,51866
3577,not_horse,0.999994158744812,85848,51866
3578,not_horse,0.999874234199524,85872,51866
3579,not_horse,0.99999737739563,85896,51866
3580,not_horse,0.9999934434890748,85920,51866
3581,not_horse,0.9999997615814208,85944,51866
3582,not_horse,0.9999998807907104,85968,51866
3583,not_horse,0.9999986886978148,85992,51866
3584,not_horse,0.9999852180480956,86016,51866
3585,not_horse,0.9999946355819702,86040,51866
3586,not_horse,0.9997027516365052,86064,51866
3587,not_horse,0.9999654293060304,86088,51866
3588,not_horse,0.999976634979248,86112,51866
3589,not_horse,0.9999972581863404,86136,51866
3590,not_horse,0.9999988079071044,86160,51866
3591,not_horse,0.9999816417694092,86184,51866
3592,not_horse,0.9999947547912598,86208,51866
3593,not_horse,0.999996304512024,86232,51866
3594,not_horse,0.9999018907546996,86256,51866
3595,not_horse,0.9999988079071044,86280,51866
3596,not_horse,0.9999815225601196,86304,51866
3597,not_horse,0.9999990463256836,86328,51866
3598,not_horse,0.9999976158142092,86352,51866
3599,not_horse,0.999993085861206,86376,51866
3600,not_horse,0.99999737739563,86400,51866
3601,not_horse,0.9999685287475586,86424,51866
3602,not_horse,0.9997524619102478,86448,51866
3603,not_horse,0.9999314546585084,86472,51866
3604,not_horse,0.9999010562896729,86496,51866
3605,not_horse,0.9999933242797852,86520,51866
3606,not_horse,0.99995756149292,86544,51866
3607,not_horse,0.9714705348014832,86568,51866
3608,not_horse,0.9985929131507874,86592,51866
3609,not_horse,0.9990038275718688,86616,51866
3610,not_horse,0.9993276596069336,86640,51866
3611,not_horse,0.9993699193000792,86664,51866
3612,not_horse,0.9633016586303712,86688,51866
3613,not_horse,0.9899029731750488,86712,51866
3614,not_horse,0.9814854860305786,86736,51866
3615,not_horse,0.9825822114944458,86760,51866
3616,not_horse,0.9886857271194458,86784,51866
3617,not_horse,0.9913454055786132,86808,51866
3618,not_horse,0.9961223006248474,86832,51866
3619,not_horse,0.9994511008262634,86856,51866
3620,not_horse,0.9951022863388062,86880,51866
3621,not_horse,0.9979261159896852,86904,51866
3622,not_horse,0.9930700659751892,86928,51866
3623,not_horse,0.9800752401351928,86952,51866
3624,not_horse,0.9436805844306946,86976,51866
3625,not_horse,0.9650430679321288,87000,51866
3626,not_horse,0.9645428657531738,87024,51866
3627,not_horse,0.9996671676635742,87048,51866
3628,not_horse,0.9994450211524964,87072,51866
3629,not_horse,0.9996639490127563,87096,51866
3630,not_horse,0.9999395608901978,87120,51866
3631,not_horse,0.999858856201172,87144,51866
3632,not_horse,0.9913030862808228,87168,51866
3633,not_horse,0.9993439316749572,87192,51866
3634,not_horse,0.9999954700469972,87216,51866
3635,not_horse,0.9999879598617554,87240,51866
3636,not_horse,0.9998026490211488,87264,51866
3637,not_horse,0.9982218146324158,87288,51866
3638,not_horse,0.9983757734298706,87312,51866
3639,not_horse,0.9993600249290466,87336,51866
3640,not_horse,0.5575634837150574,87360,51866
3641,not_horse,0.8956716656684875,87384,51866
3642,not_horse,0.8894048929214478,87408,51866
3643,not_horse,0.6404553055763245,87432,51866
3644,not_horse,0.6664003729820251,87456,51866
3645,not_horse,0.575885534286499,87480,51866
3646,not_horse,0.8329354524612427,87504,51866
3647,not_horse,0.6317201852798462,87528,51866
3648,not_horse,0.917547643184662,87552,51866
3649,not_horse,0.7723929882049559,87576,51866
3650,not_horse,0.7301363348960876,87600,51866
3651,not_horse,0.622421383857727,87624,51866
3652,not_horse,0.5050041079521179,87648,51866
3653,not_horse,0.5138341784477234,87672,51866
3654,not_horse,0.9160177111625672,87696,51866
3655,not_horse,0.9988219141960144,87720,51866
3656,not_horse,0.9970154762268066,87744,51866
3657,not_horse,0.9724427461624146,87768,51866
3658,not_horse,0.9988831877708436,87792,51866
3659,not_horse,0.9910194277763368,87816,51866
3660,not_horse,0.9976296424865724,87840,51866
3661,not_horse,1.0,87864,51866
3662,not_horse,0.9999998807907104,87888,51866
3663,not_horse,0.9999997615814208,87912,51866
3664,not_horse,0.9554853439331056,87936,51866
3665,not_horse,0.8384537100791931,87960,51866
3666,not_horse,0.9972190856933594,87984,51866
3667,not_horse,0.9742616415023804,88008,51866
3668,not_horse,0.9988695979118348,88032,51866
3669,not_horse,0.9999662637710572,88056,51866
3670,not_horse,0.9998586177825928,88080,51866
3671,not_horse,0.9999724626541138,88104,51866
3672,not_horse,0.999998927116394,88128,51866
3673,not_horse,1.0,88152,51866
3674,not_horse,0.9999998807907104,88176,51866
3675,not_horse,1.0,88200,51866
3676,not_horse,1.0,88224,51866
3677,not_horse,0.9999998807907104,88248,51866
3678,not_horse,0.9999997615814208,88272,51866
3679,not_horse,0.9997156262397766,88296,51866
3680,not_horse,0.9999873638153076,88320,51866
3681,not_horse,0.9999908208847046,88344,51866
3682,not_horse,0.999996304512024,88368,51866
3683,not_horse,0.99984610080719,88392,51866
3684,not_horse,0.9998770952224731,88416,51866
3685,not_horse,0.9999440908432008,88440,51866
3686,not_horse,0.9999220371246338,88464,51866
3687,not_horse,0.9966533780097958,88488,51866
3688,not_horse,0.9985081553459167,88512,51866
3689,not_horse,1.0,88536,51866
3690,not_horse,1.0,88560,51866
3691,not_horse,1.0,88584,51866
3692,not_horse,0.9999936819076538,88608,51866
3693,not_horse,0.9998989105224608,88632,51866
3694,not_horse,0.999991774559021,88656,51866
3695,not_horse,0.9999969005584716,88680,51866
3696,not_horse,0.999739110469818,88704,51866
3697,not_horse,1.0,88728,51866
3698,not_horse,0.9999996423721312,88752,51866
3699,not_horse,0.9999991655349731,88776,51866
3700,not_horse,0.9999971389770508,88800,51866
3701,not_horse,0.9999995231628418,88824,51866
3702,not_horse,1.0,88848,51866
3703,not_horse,0.9999986886978148,88872,51866
3704,not_horse,0.9999990463256836,88896,51866
3705,not_horse,0.9999997615814208,88920,51866
3706,not_horse,0.9999995231628418,88944,51866
3707,not_horse,1.0,88968,51866
3708,not_horse,1.0,88992,51866
3709,not_horse,1.0,89016,51866
3710,not_horse,0.9999998807907104,89040,51866
3711,not_horse,1.0,89064,51866
3712,not_horse,1.0,89088,51866
3713,not_horse,1.0,89112,51866
3714,not_horse,1.0,89136,51866
3715,not_horse,1.0,89160,51866
3716,not_horse,1.0,89184,51866
3717,not_horse,1.0,89208,51866
3718,not_horse,1.0,89232,51866
3719,not_horse,1.0,89256,51866
3720,not_horse,1.0,89280,51866
3721,not_horse,0.999987244606018,89304,51866
3722,not_horse,0.9999995231628418,89328,51866
3723,not_horse,0.9999769926071168,89352,51866
3724,not_horse,0.9999998807907104,89376,51866
3725,not_horse,0.9999960660934448,89400,51866
3726,not_horse,1.0,89424,51866
3727,not_horse,0.9999997615814208,89448,51866
3728,not_horse,0.9999970197677612,89472,51866
3729,not_horse,0.9999836683273317,89496,51866
3730,not_horse,0.999998927116394,89520,51866
3731,not_horse,0.9999880790710448,89544,51866
3732,not_horse,1.0,89568,51866
3733,not_horse,0.9999998807907104,89592,51866
3734,not_horse,0.9999724626541138,89616,51866
3735,not_horse,1.0,89640,51866
3736,not_horse,1.0,89664,51866
3737,not_horse,0.999995231628418,89688,51866
3738,not_horse,0.9996606111526488,89712,51866
3739,not_horse,0.9999959468841552,89736,51866
3740,not_horse,0.9990922212600708,89760,51866
3741,not_horse,0.999996542930603,89784,51866
3742,not_horse,0.9998455047607422,89808,51866
3743,not_horse,0.9998488426208496,89832,51866
3744,not_horse,0.9999998807907104,89856,51866
3745,not_horse,0.9999984502792358,89880,51866
3746,not_horse,1.0,89904,51866
3747,not_horse,0.9999997615814208,89928,51866
3748,not_horse,0.9999932050704956,89952,51866
3749,not_horse,0.9979782700538636,89976,51866
3750,not_horse,0.99993634223938,90000,51866
3751,not_horse,0.9999998807907104,90024,51866
3752,not_horse,0.9999998807907104,90048,51866
3753,not_horse,1.0,90072,51866
3754,not_horse,0.9999997615814208,90096,51866
3755,not_horse,1.0,90120,51866
3756,not_horse,0.9999997615814208,90144,51866
3757,not_horse,0.9999996423721312,90168,51866
3758,not_horse,1.0,90192,51866
3759,not_horse,0.9999961853027344,90216,51866
3760,not_horse,0.9999969005584716,90240,51866
3761,not_horse,0.9999997615814208,90264,51866
3762,not_horse,0.9999836683273317,90288,51866
3763,not_horse,0.9999396800994872,90312,51866
3764,not_horse,0.999991774559021,90336,51866
3765,not_horse,0.9999388456344604,90360,51866
3766,not_horse,0.9999988079071044,90384,51866
3767,not_horse,0.9999976158142092,90408,51866
3768,not_horse,0.9999914169311525,90432,51866
3769,not_horse,0.9999918937683104,90456,51866
3770,not_horse,0.9999974966049194,90480,51866
3771,not_horse,0.9999804496765136,90504,51866
3772,not_horse,0.9999297857284546,90528,51866
3773,not_horse,0.9999489784240724,90552,51866
3774,not_horse,0.9999946355819702,90576,51866
3775,not_horse,0.9999524354934692,90600,51866
3776,not_horse,0.9999562501907348,90624,51866
3777,not_horse,0.9999461174011228,90648,51866
3778,not_horse,0.999958634376526,90672,51866
3779,not_horse,0.9997616410255432,90696,51866
3780,not_horse,0.9999535083770752,90720,51866
3781,not_horse,0.9999547004699708,90744,51866
3782,not_horse,0.9999744892120358,90768,51866
3783,not_horse,0.9998369216918944,90792,51866
3784,not_horse,0.9998618364334106,90816,51866
3785,not_horse,0.999929428100586,90840,51866
3786,not_horse,0.9998342990875244,90864,51866
3787,not_horse,0.9996876716613772,90888,51866
3788,not_horse,0.9999450445175172,90912,51866
3789,not_horse,0.9999759197235109,90936,51866
3790,not_horse,0.9999473094940186,90960,51866
3791,not_horse,0.9999837875366212,90984,51866
3792,not_horse,0.999898076057434,91008,51866
3793,not_horse,0.9992499947547911,91032,51866
3794,not_horse,0.9999763965606692,91056,51866
3795,not_horse,0.9999364614486694,91080,51866
3796,not_horse,0.9999679327011108,91104,51866
3797,not_horse,0.9999455213546752,91128,51866
3798,not_horse,0.9999806880950928,91152,51866
3799,not_horse,0.9999858140945436,91176,51866
3800,not_horse,0.9999940395355223,91200,51866
3801,not_horse,0.9998860359191896,91224,51866
3802,not_horse,0.9994655251502992,91248,51866
3803,not_horse,0.9983311295509338,91272,51866
3804,not_horse,0.9999837875366212,91296,51866
3805,not_horse,0.9999582767486572,91320,51866
3806,not_horse,0.9999388456344604,91344,51866
3807,not_horse,0.9999951124191284,91368,51866
3808,not_horse,0.99998676776886,91392,51866
3809,not_horse,0.9999338388442992,91416,51866
3810,not_horse,0.9999728202819824,91440,51866
3811,not_horse,0.9999984502792358,91464,51866
3812,not_horse,0.9999986886978148,91488,51866
3813,not_horse,0.9999922513961792,91512,51866
3814,not_horse,0.999894380569458,91536,51866
3815,not_horse,0.9999841451644896,91560,51866
3816,not_horse,0.9994731545448304,91584,51866
3817,not_horse,0.9999806880950928,91608,51866
3818,not_horse,0.9999994039535522,91632,51866
3819,not_horse,0.9999964237213136,91656,51866
3820,not_horse,0.9999982118606568,91680,51866
3821,not_horse,0.9999897480010986,91704,51866
3822,not_horse,0.9999957084655762,91728,51866
3823,not_horse,0.9999921321868896,91752,51866
3824,not_horse,0.9999979734420776,91776,51866
3825,not_horse,0.9999971389770508,91800,51866
3826,not_horse,1.0,91824,51866
3827,not_horse,1.0,91848,51866
3828,not_horse,1.0,91872,51866
3829,not_horse,0.9999998807907104,91896,51866
3830,not_horse,0.9999954700469972,91920,51866
3831,not_horse,0.9989588260650636,91944,51866
3832,not_horse,0.9995388984680176,91968,51866
3833,not_horse,0.9998026490211488,91992,51866
3834,not_horse,0.9992966651916504,92016,51866
3835,not_horse,0.9999206066131592,92040,51866
3836,not_horse,0.9999293088912964,92064,51866
3837,not_horse,0.9999163150787354,92088,51866
3838,not_horse,0.9996829032897948,92112,51866
3839,not_horse,0.9999228715896606,92136,51866
3840,not_horse,0.999887228012085,92160,51866
3841,not_horse,0.9999721050262452,92184,51866
3842,not_horse,0.9999524354934692,92208,51866
3843,not_horse,0.9999997615814208,92232,51866
3844,not_horse,0.9999988079071044,92256,51866
3845,not_horse,0.9999995231628418,92280,51866
3846,not_horse,0.9999998807907104,92304,51866
3847,not_horse,0.9999996423721312,92328,51866
3848,not_horse,0.9999996423721312,92352,51866
3849,not_horse,0.9999998807907104,92376,51866
3850,not_horse,0.9999998807907104,92400,51866
3851,not_horse,0.9999998807907104,92424,51866
3852,not_horse,0.9999997615814208,92448,51866
3853,not_horse,0.9999997615814208,92472,51866
3854,not_horse,0.9999995231628418,92496,51866
3855,not_horse,0.9999998807907104,92520,51866
3856,not_horse,0.9999998807907104,92544,51866
3857,not_horse,0.9999992847442628,92568,51866
3858,not_horse,0.9999992847442628,92592,51866
3859,not_horse,0.9999995231628418,92616,51866
3860,not_horse,0.9999997615814208,92640,51866
3861,not_horse,0.9999866485595704,92664,51866
3862,not_horse,0.9999961853027344,92688,51866
3863,not_horse,1.0,92712,51866
3864,not_horse,1.0,92736,51866
3865,not_horse,0.9999934434890748,92760,51866
3866,not_horse,0.9999995231628418,92784,51866
3867,not_horse,0.9999457597732544,92808,51866
3868,not_horse,0.9999998807907104,92832,51866
3869,not_horse,0.9999998807907104,92856,51866
3870,not_horse,0.9999998807907104,92880,51866
3871,not_horse,0.9999994039535522,92904,51866
3872,not_horse,1.0,92928,51866
3873,not_horse,0.9999951124191284,92952,51866
3874,not_horse,0.999994158744812,92976,51866
3875,not_horse,0.9999611377716064,93000,51866
3876,not_horse,0.999954342842102,93024,51866
3877,not_horse,0.9998918771743774,93048,51866
3878,not_horse,0.9999268054962158,93072,51866
3879,not_horse,0.9995291233062744,93096,51866
3880,not_horse,1.0,93120,51866
3881,not_horse,1.0,93144,51866
3882,not_horse,1.0,93168,51866
3883,not_horse,1.0,93192,51866
3884,not_horse,1.0,93216,51866
3885,not_horse,1.0,93240,51866
3886,not_horse,0.9999997615814208,93264,51866
3887,not_horse,0.9999996423721312,93288,51866
3888,not_horse,0.9999998807907104,93312,51866
3889,not_horse,0.9999998807907104,93336,51866
3890,not_horse,0.9999997615814208,93360,51866
3891,not_horse,0.9999995231628418,93384,51866
3892,not_horse,0.9999998807907104,93408,51866
3893,not_horse,0.9999996423721312,93432,51866
3894,not_horse,0.9999994039535522,93456,51866
3895,not_horse,0.9999997615814208,93480,51866
3896,not_horse,0.9999984502792358,93504,51866
3897,not_horse,0.99999737739563,93528,51866
3898,not_horse,0.9999998807907104,93552,51866
3899,not_horse,0.9999998807907104,93576,51866
3900,not_horse,0.9999998807907104,93600,51866
3901,not_horse,0.9999997615814208,93624,51866
3902,not_horse,0.9999994039535522,93648,51866
3903,not_horse,0.9999976158142092,93672,51866
3904,not_horse,0.9999995231628418,93696,51866
3905,not_horse,0.9999997615814208,93720,51866
3906,not_horse,0.9999977350234984,93744,51866
3907,not_horse,0.9999998807907104,93768,51866
3908,not_horse,0.9999990463256836,93792,51866
3909,not_horse,0.9999990463256836,93816,51866
3910,not_horse,0.9999983310699464,93840,51866
3911,not_horse,0.9998987913131714,93864,51866
3912,not_horse,0.9999443292617798,93888,51866
3913,not_horse,0.9999306201934814,93912,51866
3914,not_horse,0.9999030828475952,93936,51866
3915,not_horse,0.9999563694000244,93960,51866
3916,not_horse,0.9999597072601318,93984,51866
3917,not_horse,0.9999456405639648,94008,51866
3918,not_horse,0.9999933242797852,94032,51866
3919,not_horse,0.999935269355774,94056,51866
3920,not_horse,0.9998175501823424,94080,51866
3921,not_horse,0.9999959468841552,94104,51866
3922,not_horse,0.9999991655349731,94128,51866
3923,not_horse,0.9987959861755372,94152,51866
3924,not_horse,0.9924755692481996,94176,51866
3925,not_horse,0.9999995231628418,94200,51866
3926,not_horse,1.0,94224,51866
3927,not_horse,1.0,94248,51866
3928,not_horse,0.9854916930198668,94272,51866
3929,not_horse,0.992949604988098,94296,51866
3930,not_horse,0.9854975938796996,94320,51866
3931,not_horse,0.992384433746338,94344,51866
3932,not_horse,0.9951801300048828,94368,51866
3933,not_horse,0.9705462455749512,94392,51866
3934,not_horse,0.9933521747589112,94416,51866
3935,not_horse,0.9898931384086608,94440,51866
3936,not_horse,0.9761191606521606,94464,51866
3937,not_horse,0.9825242161750792,94488,51866
3938,not_horse,0.9820448160171508,94512,51866
3939,not_horse,0.9753127098083496,94536,51866
3940,not_horse,0.990626335144043,94560,51866
3941,not_horse,0.9997897744178772,94584,51866
3942,not_horse,0.999746024608612,94608,51866
3943,not_horse,0.996515154838562,94632,51866
3944,not_horse,0.9994435906410216,94656,51866
3945,not_horse,0.9999998807907104,94680,51866
3946,not_horse,0.9999997615814208,94704,51866
3947,not_horse,1.0,94728,51866
3948,not_horse,0.9997801184654236,94752,51866
3949,not_horse,0.999911904335022,94776,51866
3950,not_horse,0.999464213848114,94800,51866
3951,not_horse,0.9997501969337464,94824,51866
3952,not_horse,0.9998701810836792,94848,51866
3953,not_horse,1.0,94872,51866
3954,not_horse,0.9999998807907104,94896,51866
3955,not_horse,0.999929904937744,94920,51866
3956,not_horse,0.999826967716217,94944,51866
3957,not_horse,0.999992609024048,94968,51866
3958,not_horse,0.9999731779098512,94992,51866
3959,not_horse,0.9951485991477966,95016,51866
3960,not_horse,0.9709628224372864,95040,51866
3961,not_horse,0.9998693466186525,95064,51866
3962,not_horse,0.999804437160492,95088,51866
3963,not_horse,0.9999269247055054,95112,51866
3964,not_horse,0.999984622001648,95136,51866
3965,not_horse,0.9856430888175964,95160,51866
3966,not_horse,0.9845755100250244,95184,51866
3967,not_horse,0.9682040214538574,95208,51866
3968,not_horse,0.9646656513214112,95232,51866
3969,not_horse,0.9950992465019226,95256,51866
3970,not_horse,0.9989805817604064,95280,51866
3971,not_horse,0.998251497745514,95304,51866
3972,not_horse,0.815207302570343,95328,51866
3973,not_horse,0.7798059582710266,95352,51866
3974,not_horse,0.9629765152931212,95376,51866
3975,not_horse,0.9242157340049744,95400,51866
3976,not_horse,0.8507704734802246,95424,51866
3977,not_horse,0.9279195666313172,95448,51866
3978,not_horse,0.8193312287330627,95472,51866
3979,horse,0.3022450506687164,95496,51866
3980,horse,0.3358329236507416,95520,51866
3981,horse,0.160811647772789,95544,51866
3982,horse,0.1532598137855529,95568,51866
3983,horse,0.2354412525892257,95592,51866
3984,not_horse,0.7343426942825317,95616,51866
3985,not_horse,0.6551735997200012,95640,51866
3986,not_horse,0.9411285519599916,95664,51866
3987,not_horse,0.988067388534546,95688,51866
3988,not_horse,0.9938641786575316,95712,51866
3989,not_horse,0.9746041297912598,95736,51866
3990,not_horse,0.9845278859138488,95760,51866
3991,not_horse,0.9995253086090088,95784,51866
3992,not_horse,0.931716799736023,95808,51866
3993,not_horse,0.8728808164596558,95832,51866
3994,not_horse,0.9700503945350648,95856,51866
3995,not_horse,0.9534960985183716,95880,51866
3996,not_horse,0.9145856499671936,95904,51866
3997,not_horse,0.988160252571106,95928,51866
3998,not_horse,0.9998807907104492,95952,51866
3999,not_horse,0.9990973472595216,95976,51866
4000,not_horse,0.9977072477340698,96000,51866
4001,not_horse,0.999206006526947,96024,51866
4002,not_horse,0.9992676377296448,96048,51866
4003,not_horse,0.9722928404808044,96072,51866
4004,not_horse,0.9038772583007812,96096,51866
4005,not_horse,0.9764829874038696,96120,51866
4006,not_horse,0.9993298053741456,96144,51866
4007,not_horse,0.9962043166160583,96168,51866
4008,not_horse,0.9966084957122804,96192,51866
4009,not_horse,0.994174301624298,96216,51866
4010,not_horse,0.979648768901825,96240,51866
4011,not_horse,0.9996156692504884,96264,51866
4012,not_horse,0.9900004863739014,96288,51866
4013,not_horse,0.8810088038444519,96312,51866
4014,not_horse,0.988122284412384,96336,51866
4015,not_horse,0.9676200747489928,96360,51866
4016,not_horse,0.9797409772872924,96384,51866
4017,not_horse,0.9997712969779968,96408,51866
4018,not_horse,0.9999982118606568,96432,51866
4019,not_horse,0.9782504439353944,96456,51866
4020,not_horse,0.9999959468841552,96480,51866
4021,not_horse,0.9943603873252868,96504,51866
4022,not_horse,0.9956896901130676,96528,51866
4023,not_horse,0.9994742274284364,96552,51866
4024,not_horse,0.9782018661499025,96576,51866
4025,not_horse,0.9991225600242616,96600,51866
4026,not_horse,0.9654616117477416,96624,51866
4027,not_horse,0.9965492486953736,96648,51866
4028,not_horse,0.933843731880188,96672,51866
4029,not_horse,0.9445170164108276,96696,51866
4030,not_horse,0.9991267323493958,96720,51866
4031,not_horse,0.9841095805168152,96744,51866
4032,not_horse,0.9987867474555968,96768,51866
4033,not_horse,0.9997944235801696,96792,51866
4034,not_horse,0.9999608993530272,96816,51866
4035,not_horse,0.9979289770126344,96840,51866
4036,not_horse,0.9962189793586732,96864,51866
4037,not_horse,0.998002827167511,96888,51866
4038,not_horse,0.9951531887054444,96912,51866
4039,not_horse,0.9996936321258544,96936,51866
4040,not_horse,0.9921947717666626,96960,51866
4041,not_horse,0.9473941922187804,96984,51866
4042,not_horse,0.8623589873313904,97008,51866
4043,not_horse,0.9911276698112488,97032,51866
4044,not_horse,0.9997889399528505,97056,51866
4045,not_horse,0.97773939371109,97080,51866
4046,not_horse,0.9990479350090028,97104,51866
4047,not_horse,0.99946528673172,97128,51866
4048,not_horse,0.9851866364479064,97152,51866
4049,not_horse,0.999996542930603,97176,51866
4050,not_horse,0.9999878406524658,97200,51866
4051,not_horse,0.999976634979248,97224,51866
4052,not_horse,0.9999914169311525,97248,51866
4053,not_horse,0.9999761581420898,97272,51866
4054,not_horse,0.9999725818634032,97296,51866
4055,not_horse,0.9999407529830932,97320,51866
4056,not_horse,0.9999336004257202,97344,51866
4057,not_horse,0.999994158744812,97368,51866
4058,not_horse,0.9999735355377196,97392,51866
4059,not_horse,0.9999853372573853,97416,51866
4060,not_horse,0.9999991655349731,97440,51866
4061,not_horse,0.9999935626983644,97464,51866
4062,not_horse,0.99800044298172,97488,51866
4063,not_horse,0.9481484889984132,97512,51866
4064,not_horse,0.9998326301574708,97536,51866
4065,not_horse,0.9998887777328492,97560,51866
4066,not_horse,0.9999475479125975,97584,51866
4067,not_horse,0.9999396800994872,97608,51866
4068,not_horse,0.9979388117790222,97632,51866
4069,not_horse,0.873324990272522,97656,51866
4070,not_horse,0.7113505601882935,97680,51866
4071,not_horse,0.9998502731323242,97704,51866
4072,not_horse,0.9921057224273682,97728,51866
4073,not_horse,0.9979933500289916,97752,51866
4074,not_horse,0.9998629093170166,97776,51866
4075,not_horse,0.9998786449432372,97800,51866
4076,not_horse,0.9999413490295408,97824,51866
4077,not_horse,0.999836802482605,97848,51866
4078,not_horse,0.9345422983169556,97872,51866
4079,not_horse,0.992793083190918,97896,51866
4080,not_horse,0.9999998807907104,97920,51866
4081,not_horse,1.0,97944,51866
4082,not_horse,0.990955650806427,97968,51866
4083,not_horse,0.982377827167511,97992,51866
4084,not_horse,0.9247233867645264,98016,51866
4085,not_horse,0.9936878085136414,98040,51866
4086,not_horse,0.94931823015213,98064,51866
4087,not_horse,0.9984079003334044,98088,51866
4088,not_horse,0.9984183311462402,98112,51866
4089,not_horse,0.999983549118042,98136,51866
4090,not_horse,1.0,98160,51866
4091,not_horse,0.9985505938529968,98184,51866
4092,not_horse,0.993463933467865,98208,51866
4093,not_horse,0.9565298557281494,98232,51866
4094,not_horse,0.9810444712638856,98256,51866
4095,not_horse,0.987503468990326,98280,51866
4096,not_horse,0.9983112812042236,98304,51866
4097,not_horse,0.9999405145645142,98328,51866
4098,not_horse,0.9430968761444092,98352,51866
4099,not_horse,0.9694985151290894,98376,51866
4100,not_horse,0.9649164080619812,98400,51866
4101,not_horse,0.9894447922706604,98424,51866
4102,not_horse,0.9941568374633788,98448,51866
4103,not_horse,0.9857893586158752,98472,51866
4104,not_horse,0.9999901056289672,98496,51866
4105,not_horse,0.9999711513519288,98520,51866
4106,not_horse,0.9999972581863404,98544,51866
4107,not_horse,0.9999997615814208,98568,51866
4108,not_horse,1.0,98592,51866
4109,not_horse,0.9999997615814208,98616,51866
4110,not_horse,0.9999998807907104,98640,51866
4111,not_horse,0.998284876346588,98664,51866
4112,not_horse,0.9999227523803712,98688,51866
4113,not_horse,0.970678210258484,98712,51866
4114,not_horse,0.9997608065605164,98736,51866
4115,not_horse,0.9991394281387328,98760,51866
4116,not_horse,0.9952711462974548,98784,51866
4117,not_horse,0.9999806880950928,98808,51866
4118,not_horse,0.9997596144676208,98832,51866
4119,not_horse,0.9999988079071044,98856,51866
4120,not_horse,0.9999972581863404,98880,51866
4121,not_horse,0.9995662569999696,98904,51866
4122,not_horse,0.9996668100357056,98928,51866
4123,not_horse,0.9993329644203186,98952,51866
4124,not_horse,0.9888161420822144,98976,51866
4125,not_horse,0.909457802772522,99000,51866
4126,not_horse,0.9807132482528688,99024,51866
4127,not_horse,0.9900533556938172,99048,51866
4128,not_horse,0.995348870754242,99072,51866
4129,not_horse,0.9999996423721312,99096,51866
4130,not_horse,0.9999991655349731,99120,51866
4131,not_horse,0.999996304512024,99144,51866
4132,not_horse,0.9999525547027588,99168,51866
4133,not_horse,0.9999960660934448,99192,51866
4134,not_horse,0.9999996423721312,99216,51866
4135,not_horse,0.9999728202819824,99240,51866
4136,not_horse,0.9996089339256288,99264,51866
4137,not_horse,0.9999843835830688,99288,51866
4138,not_horse,0.9998573064804076,99312,51866
4139,not_horse,0.999990701675415,99336,51866
4140,not_horse,0.9999642372131348,99360,51866
4141,not_horse,0.999997854232788,99384,51866
4142,not_horse,0.998853087425232,99408,51866
4143,not_horse,0.9997698664665222,99432,51866
4144,not_horse,0.999024510383606,99456,51866
4145,not_horse,0.9997032284736632,99480,51866
4146,not_horse,0.997878909111023,99504,51866
4147,not_horse,0.999967098236084,99528,51866
4148,not_horse,0.9992720484733582,99552,51866
4149,not_horse,0.9970756769180298,99576,51866
4150,not_horse,0.9984368681907654,99600,51866
4151,not_horse,0.9948541522026062,99624,51866
4152,not_horse,0.9962573051452636,99648,51866
4153,not_horse,0.9973908066749572,99672,51866
4154,not_horse,0.998666524887085,99696,51866
4155,not_horse,0.9998921155929564,99720,51866
4156,not_horse,0.9999825954437256,99744,51866
4157,not_horse,0.9999943971633912,99768,51866
4158,not_horse,0.9992380142211914,99792,51866
4159,not_horse,0.9985674619674684,99816,51866
4160,not_horse,0.9981117248535156,99840,51866
4161,not_horse,0.9981966614723206,99864,51866
4162,not_horse,0.9988529682159424,99888,51866
4163,not_horse,0.9986026883125304,99912,51866
4164,not_horse,0.9979040622711182,99936,51866
4165,not_horse,0.9985798597335817,99960,51866
4166,not_horse,0.998818576335907,99984,51866
4167,not_horse,0.99998676776886,100008,51866
4168,not_horse,0.9999990463256836,100032,51866
4169,not_horse,0.9999954700469972,100056,51866
4170,not_horse,1.0,100080,51866
4171,not_horse,1.0,100104,51866
4172,not_horse,1.0,100128,51866
4173,not_horse,0.9997857213020324,100152,51866
4174,not_horse,0.9918923377990724,100176,51866
4175,not_horse,0.9995086193084716,100200,51866
4176,not_horse,0.9999723434448242,100224,51866
4177,not_horse,0.9994283318519592,100248,51866
4178,not_horse,0.9998767375946044,100272,51866
4179,not_horse,1.0,100296,51866
4180,not_horse,1.0,100320,51866
4181,not_horse,0.99623703956604,100344,51866
4182,horse,0.1445445120334625,100368,51866
4183,not_horse,0.9790176749229432,100392,51866
4184,not_horse,0.964219570159912,100416,51866
4185,not_horse,0.9665212631225586,100440,51866
4186,not_horse,0.9989928603172302,100464,51866
4187,not_horse,0.978544533252716,100488,51866
4188,not_horse,0.8676536083221436,100512,51866
4189,not_horse,0.8635385632514954,100536,51866
4190,not_horse,0.9849846363067628,100560,51866
4191,not_horse,0.9999976158142092,100584,51866
4192,not_horse,0.9999986886978148,100608,51866
4193,not_horse,0.9999998807907104,100632,51866
4194,not_horse,0.9999995231628418,100656,51866
4195,not_horse,0.9999986886978148,100680,51866
4196,not_horse,0.9999384880065918,100704,51866
4197,not_horse,0.9987598657608032,100728,51866
4198,not_horse,0.982844352722168,100752,51866
4199,not_horse,0.9892566800117492,100776,51866
4200,not_horse,0.9780332446098328,100800,51866
4201,not_horse,0.9205304384231568,100824,51866
4202,not_horse,0.9786697626113892,100848,51866
4203,not_horse,0.9621058106422424,100872,51866
4204,not_horse,0.9853943586349488,100896,51866
4205,not_horse,0.9754877090454102,100920,51866
4206,not_horse,0.9732543826103208,100944,51866
4207,not_horse,0.9572435021400452,100968,51866
4208,not_horse,0.9528926014900208,100992,51866
4209,not_horse,0.9104819297790528,101016,51866
4210,not_horse,0.8849235773086548,101040,51866
4211,not_horse,0.9052734971046448,101064,51866
4212,not_horse,0.9628136157989502,101088,51866
4213,not_horse,0.9816200733184814,101112,51866
4214,not_horse,0.9743621349334716,101136,51866
4215,not_horse,0.9739401936531068,101160,51866
4216,not_horse,0.9958679676055908,101184,51866
4217,not_horse,0.9987024068832396,101208,51866
4218,not_horse,0.9938495755195618,101232,51866
4219,not_horse,0.9882274270057678,101256,51866
4220,not_horse,0.9991332888603208,101280,51866
4221,not_horse,0.9995829463005066,101304,51866
4222,not_horse,0.9997972846031188,101328,51866
4223,not_horse,0.9990755319595336,101352,51866
4224,not_horse,0.9989519119262696,101376,51866
4225,not_horse,0.983688473701477,101400,51866
4226,not_horse,0.989254355430603,101424,51866
4227,not_horse,0.999670147895813,101448,51866
4228,not_horse,0.9993579983711244,101472,51866
4229,not_horse,0.9998154044151306,101496,51866
4230,not_horse,0.9973238706588744,101520,51866
4231,not_horse,0.9967159032821656,101544,51866
4232,not_horse,0.8927975296974182,101568,51866
4233,not_horse,0.8936232924461365,101592,51866
4234,not_horse,0.8831089735031128,101616,51866
4235,not_horse,0.8039572238922119,101640,51866
4236,not_horse,0.6932656168937683,101664,51866
4237,not_horse,0.8516717553138733,101688,51866
4238,not_horse,0.7589768171310425,101712,51866
4239,not_horse,0.9241599440574646,101736,51866
4240,not_horse,0.8874350786209106,101760,51866
4241,not_horse,0.8085049986839294,101784,51866
4242,not_horse,0.9969170093536376,101808,51866
4243,not_horse,0.997512936592102,101832,51866
4244,not_horse,0.9970972537994384,101856,51866
4245,not_horse,0.9481101036071776,101880,51866
4246,not_horse,0.9515007138252258,101904,51866
4247,not_horse,0.8412115573883057,101928,51866
4248,not_horse,0.7855228781700134,101952,51866
4249,not_horse,0.7744500041007996,101976,51866
4250,not_horse,0.9999870061874392,102000,51866
4251,not_horse,0.9993688464164734,102024,51866
4252,not_horse,0.9999908208847046,102048,51866
4253,not_horse,0.9957614541053772,102072,51866
4254,not_horse,0.9999901056289672,102096,51866
4255,not_horse,0.9988818764686584,102120,51866
4256,not_horse,0.9999821186065674,102144,51866
4257,not_horse,0.8620533347129822,102168,51866
4258,not_horse,0.9971852898597716,102192,51866
4259,not_horse,0.9996165037155152,102216,51866
4260,not_horse,0.9956619143486024,102240,51866
4261,not_horse,0.9999754428863524,102264,51866
4262,horse,0.3329922258853912,102288,51866
4263,not_horse,0.6396514773368835,102312,51866
4264,horse,0.3803159892559052,102336,51866
4265,horse,0.2246396690607071,102360,51866
4266,not_horse,0.994877815246582,102384,51866
4267,not_horse,0.9982831478118896,102408,51866
4268,not_horse,0.9878420829772948,102432,51866
4269,not_horse,0.9992889165878296,102456,51866
4270,not_horse,0.9993643164634703,102480,51866
4271,not_horse,0.9966647028923036,102504,51866
4272,not_horse,0.9999874830245972,102528,51866
4273,not_horse,0.999946355819702,102552,51866
4274,not_horse,0.999951720237732,102576,51866
4275,not_horse,0.9999874830245972,102600,51866
4276,not_horse,0.9999310970306396,102624,51866
4277,not_horse,0.9883787631988524,102648,51866
4278,not_horse,0.9944550395011902,102672,51866
4279,not_horse,0.997221827507019,102696,51866
4280,not_horse,0.9987623691558838,102720,51866
4281,not_horse,0.993147313594818,102744,51866
4282,not_horse,0.9970086216926576,102768,51866
4283,not_horse,0.9987257122993468,102792,51866
4284,not_horse,0.9997308850288392,102816,51866
4285,not_horse,0.9995754361152648,102840,51866
4286,not_horse,0.9997873902320862,102864,51866
4287,not_horse,0.9993581175804138,102888,51866
4288,not_horse,0.9995388984680176,102912,51866
4289,not_horse,0.999816358089447,102936,51866
4290,not_horse,0.9983072280883788,102960,51866
4291,not_horse,0.9992990493774414,102984,51866
4292,not_horse,0.9999992847442628,103008,51866
4293,not_horse,0.9999992847442628,103032,51866
4294,not_horse,0.9990602135658264,103056,51866
4295,not_horse,0.9682195782661438,103080,51866
4296,not_horse,0.9443942904472352,103104,51866
4297,not_horse,0.9894563555717468,103128,51866
4298,not_horse,0.9999910593032836,103152,51866
4299,not_horse,0.99993634223938,103176,51866
4300,not_horse,0.999926209449768,103200,51866
4301,not_horse,0.9999821186065674,103224,51866
4302,not_horse,0.9999866485595704,103248,51866
4303,not_horse,0.9999885559082032,103272,51866
4304,not_horse,0.9999994039535522,103296,51866
4305,not_horse,0.9999984502792358,103320,51866
4306,not_horse,0.9999496936798096,103344,51866
4307,not_horse,0.9999976158142092,103368,51866
4308,not_horse,0.999953269958496,103392,51866
4309,not_horse,0.999984860420227,103416,51866
4310,not_horse,0.9997485280036926,103440,51866
4311,not_horse,0.999975562095642,103464,51866
4312,not_horse,0.9999998807907104,103488,51866
4313,not_horse,0.9999635219573976,103512,51866
4314,not_horse,0.9969156980514526,103536,51866
4315,not_horse,0.9999724626541138,103560,51866
4316,not_horse,0.9762573838233948,103584,51866
4317,not_horse,0.7732254862785339,103608,51866
4318,not_horse,0.998035967350006,103632,51866
4319,not_horse,0.998397409915924,103656,51866
4320,not_horse,0.9989475607872008,103680,51866
4321,not_horse,0.991499125957489,103704,51866
4322,not_horse,0.9883707761764526,103728,51866
4323,not_horse,0.9884640574455258,103752,51866
4324,not_horse,0.9981964230537416,103776,51866
4325,not_horse,0.5184701681137085,103800,51866
4326,not_horse,0.9993566870689392,103824,51866
4327,not_horse,0.9999072551727296,103848,51866
4328,not_horse,0.9998550415039062,103872,51866
4329,not_horse,0.999985694885254,103896,51866
4330,not_horse,0.9999954700469972,103920,51866
4331,not_horse,0.9987202882766724,103944,51866
4332,not_horse,0.9994150400161744,103968,51866
4333,not_horse,0.9999123811721802,103992,51866
4334,not_horse,0.9982922673225404,104016,51866
4335,not_horse,0.9998400211334229,104040,51866
4336,not_horse,0.9997286200523376,104064,51866
4337,not_horse,0.8756464719772339,104088,51866
4338,not_horse,0.9998728036880492,104112,51866
4339,not_horse,0.9148926734924316,104136,51866
4340,not_horse,0.9978128671646118,104160,51866
4341,not_horse,0.9991002082824708,104184,51866
4342,not_horse,0.7730324268341064,104208,51866
4343,not_horse,0.8285502195358276,104232,51866
4344,not_horse,0.9518730640411376,104256,51866
4345,not_horse,0.9306471943855286,104280,51866
4346,not_horse,0.9310433268547058,104304,51866
4347,not_horse,0.9996870756149292,104328,51866
4348,not_horse,0.794974148273468,104352,51866
4349,not_horse,0.9784140586853028,104376,51866
4350,not_horse,0.9867089986801147,104400,51866
4351,not_horse,0.9999898672103882,104424,51866
4352,not_horse,0.9999972581863404,104448,51866
4353,not_horse,0.9999984502792358,104472,51866
4354,not_horse,0.9765465259552002,104496,51866
4355,not_horse,0.9499302506446838,104520,51866
4356,not_horse,0.9995012283325196,104544,51866
4357,not_horse,0.9996846914291382,104568,51866
4358,not_horse,0.9999949932098388,104592,51866
4359,not_horse,0.9999974966049194,104616,51866
4360,not_horse,0.9999985694885254,104640,51866
4361,not_horse,0.9999996423721312,104664,51866
4362,not_horse,0.9997102618217468,104688,51866
4363,not_horse,0.999354898929596,104712,51866
4364,not_horse,0.9997161030769348,104736,51866
4365,not_horse,0.9998251795768738,104760,51866
4366,not_horse,0.9993281364440918,104784,51866
4367,not_horse,0.9875594973564148,104808,51866
4368,not_horse,0.8475849628448486,104832,51866
4369,not_horse,0.9999988079071044,104856,51866
4370,not_horse,0.999994158744812,104880,51866
4371,not_horse,0.9998098015785216,104904,51866
4372,not_horse,0.9999994039535522,104928,51866
4373,not_horse,0.9999969005584716,104952,51866
4374,not_horse,0.9999996423721312,104976,51866
4375,not_horse,0.999998927116394,105000,51866
4376,not_horse,0.9999935626983644,105024,51866
4377,not_horse,1.0,105048,51866
4378,not_horse,1.0,105072,51866
4379,not_horse,1.0,105096,51866
4380,not_horse,0.9999974966049194,105120,51866
4381,not_horse,0.9999971389770508,105144,51866
4382,not_horse,0.9999998807907104,105168,51866
4383,not_horse,0.9999998807907104,105192,51866
4384,not_horse,1.0,105216,51866
4385,not_horse,1.0,105240,51866
4386,not_horse,1.0,105264,51866
4387,not_horse,1.0,105288,51866
4388,not_horse,1.0,105312,51866
4389,not_horse,0.9999997615814208,105336,51866
4390,not_horse,0.9999998807907104,105360,51866
4391,not_horse,0.9991078972816468,105384,51866
4392,not_horse,0.9985674619674684,105408,51866
4393,not_horse,0.99952495098114,105432,51866
4394,not_horse,0.9999611377716064,105456,51866
4395,not_horse,0.9999964237213136,105480,51866
4396,not_horse,0.9999938011169434,105504,51866
4397,not_horse,0.9999148845672609,105528,51866
4398,not_horse,0.9995471835136414,105552,51866
4399,not_horse,0.9999810457229614,105576,51866
4400,not_horse,0.9999985694885254,105600,51866
4401,not_horse,0.9963124394416808,105624,51866
4402,not_horse,0.9822531342506408,105648,51866
4403,not_horse,0.9999802112579346,105672,51866
4404,not_horse,0.9998528957366944,105696,51866
4405,not_horse,0.9999362230300904,105720,51866
4406,not_horse,0.9999790191650392,105744,51866
4407,not_horse,0.9999550580978394,105768,51866
4408,not_horse,0.9966723918914796,105792,51866
4409,not_horse,0.9999438524246216,105816,51866
4410,not_horse,0.999945878982544,105840,51866
4411,not_horse,0.9997005462646484,105864,51866
4412,not_horse,0.999740183353424,105888,51866
4413,not_horse,0.999924659729004,105912,51866
4414,not_horse,0.999998927116394,105936,51866
4415,not_horse,0.9999908208847046,105960,51866
4416,not_horse,0.9999420642852784,105984,51866
4417,not_horse,0.9999088048934937,106008,51866
4418,not_horse,0.9998342990875244,106032,51866
4419,not_horse,0.9999854564666748,106056,51866
4420,not_horse,0.999919056892395,106080,51866
4421,not_horse,0.9976508021354676,106104,51866
4422,not_horse,0.9999245405197144,106128,51866
4423,not_horse,0.9988353848457336,106152,51866
4424,not_horse,0.997877597808838,106176,51866
4425,not_horse,0.9973747730255128,106200,51866
4426,not_horse,0.9217002987861632,106224,51866
4427,not_horse,0.9240071177482604,106248,51866
4428,not_horse,0.9964501857757568,106272,51866
4429,not_horse,0.9999489784240724,106296,51866
4430,not_horse,0.9991257786750792,106320,51866
4431,not_horse,0.9961233735084534,106344,51866
4432,not_horse,0.9997486472129822,106368,51866
4433,not_horse,0.9949160814285278,106392,51866
4434,not_horse,0.9992603659629822,106416,51866
4435,not_horse,0.9999841451644896,106440,51866
4436,not_horse,0.9997244477272034,106464,51866
4437,not_horse,0.9995341300964355,106488,51866
4438,not_horse,0.9999971389770508,106512,51866
4439,not_horse,0.9999550580978394,106536,51866
4440,not_horse,0.9999927282333374,106560,51866
4441,not_horse,0.999996542930603,106584,51866
4442,not_horse,0.9999932050704956,106608,51866
4443,not_horse,0.9999821186065674,106632,51866
4444,not_horse,0.9999974966049194,106656,51866
4445,not_horse,0.999990463256836,106680,51866
4446,not_horse,0.9999992847442628,106704,51866
4447,not_horse,0.9999979734420776,106728,51866
4448,not_horse,0.9996708631515504,106752,51866
4449,not_horse,0.9997902512550354,106776,51866
4450,not_horse,0.9999895095825196,106800,51866
4451,not_horse,0.9999977350234984,106824,51866
4452,not_horse,0.9999831914901732,106848,51866
4453,not_horse,0.9999928474426272,106872,51866
4454,not_horse,0.9995612502098083,106896,51866
4455,not_horse,0.9996218681335448,106920,51866
4456,not_horse,0.9999003410339355,106944,51866
4457,not_horse,0.9999935626983644,106968,51866
4458,not_horse,0.9999980926513672,106992,51866
4459,not_horse,0.9999997615814208,107016,51866
4460,not_horse,0.9999947547912598,107040,51866
4461,not_horse,0.9764585494995116,107064,51866
4462,not_horse,0.9984390139579772,107088,51866
4463,not_horse,0.9831770062446594,107112,51866
4464,not_horse,0.9556322693824768,107136,51866
4465,not_horse,0.9974338412284852,107160,51866
4466,not_horse,0.9977145195007324,107184,51866
4467,not_horse,0.9996581077575684,107208,51866
4468,not_horse,0.9994932413101196,107232,51866
4469,not_horse,0.9996821880340576,107256,51866
4470,not_horse,0.9974697828292848,107280,51866
4471,not_horse,0.9879526495933532,107304,51866
4472,not_horse,0.9999604225158693,107328,51866
4473,not_horse,0.9999992847442628,107352,51866
4474,not_horse,0.9999966621398926,107376,51866
4475,not_horse,0.9999955892562866,107400,51866
4476,not_horse,0.9999971389770508,107424,51866
4477,not_horse,0.999997854232788,107448,51866
4478,not_horse,0.9999911785125732,107472,51866
4479,not_horse,0.9999961853027344,107496,51866
4480,not_horse,0.9999955892562866,107520,51866
4481,not_horse,0.9999836683273317,107544,51866
4482,not_horse,0.9827315211296082,107568,51866
4483,not_horse,0.9999939203262328,107592,51866
4484,not_horse,0.9999996423721312,107616,51866
4485,not_horse,0.9999964237213136,107640,51866
4486,not_horse,0.7468257546424866,107664,51866
4487,not_horse,0.9809494614601136,107688,51866
4488,not_horse,0.9999035596847534,107712,51866
4489,not_horse,0.9997840523719788,107736,51866
4490,not_horse,0.999933123588562,107760,51866
4491,not_horse,0.9998825788497924,107784,51866
4492,not_horse,0.9996600151062012,107808,51866
4493,not_horse,0.9995682835578918,107832,51866
4494,not_horse,0.9995404481887816,107856,51866
4495,not_horse,0.99994957447052,107880,51866
4496,not_horse,0.9999998807907104,107904,51866
4497,not_horse,0.9999316930770874,107928,51866
4498,not_horse,0.9999762773513794,107952,51866
4499,not_horse,0.9999351501464844,107976,51866
4500,not_horse,0.9975894689559937,108000,51866
4501,not_horse,0.9999880790710448,108024,51866
4502,not_horse,0.9999940395355223,108048,51866
4503,not_horse,0.9992403984069824,108072,51866
4504,not_horse,0.9997032284736632,108096,51866
4505,not_horse,0.9999901056289672,108120,51866
4506,not_horse,0.9928584098815918,108144,51866
4507,not_horse,0.9991416931152344,108168,51866
4508,not_horse,0.9999983310699464,108192,51866
4509,not_horse,0.9999969005584716,108216,51866
4510,not_horse,0.9999812841415404,108240,51866
4511,not_horse,0.9999897480010986,108264,51866
4512,not_horse,0.9999983310699464,108288,51866
4513,not_horse,0.9999202489852904,108312,51866
4514,not_horse,0.9999221563339232,108336,51866
4515,not_horse,0.9999752044677734,108360,51866
4516,not_horse,0.9999840259552002,108384,51866
4517,not_horse,0.9999858140945436,108408,51866
4518,not_horse,0.9999970197677612,108432,51866
4519,not_horse,0.9999911785125732,108456,51866
4520,not_horse,0.9999980926513672,108480,51866
4521,not_horse,0.9999948740005492,108504,51866
4522,not_horse,0.9999964237213136,108528,51866
4523,not_horse,0.9997513890266418,108552,51866
4524,not_horse,0.9999982118606568,108576,51866
4525,not_horse,1.0,108600,51866
4526,not_horse,0.9999520778656006,108624,51866
4527,not_horse,0.9802659153938292,108648,51866
4528,not_horse,0.9999736547470092,108672,51866
4529,not_horse,0.9990859031677246,108696,51866
4530,not_horse,0.999995231628418,108720,51866
4531,not_horse,0.9999500513076782,108744,51866
4532,not_horse,0.9999442100524902,108768,51866
4533,not_horse,0.9995030164718628,108792,51866
4534,not_horse,0.8447641134262085,108816,51866
4535,not_horse,0.995357096195221,108840,51866
4536,not_horse,0.9785032868385316,108864,51866
4537,not_horse,0.998071789741516,108888,51866
4538,not_horse,0.9952043294906616,108912,51866
4539,not_horse,0.9971861243247986,108936,51866
4540,not_horse,0.9983015060424804,108960,51866
4541,not_horse,0.9929377436637878,108984,51866
4542,not_horse,0.8367711901664734,109008,51866
4543,not_horse,0.9973938465118408,109032,51866
4544,not_horse,0.9952038526535034,109056,51866
4545,not_horse,0.9759511947631836,109080,51866
4546,not_horse,0.9358916282653807,109104,51866
4547,not_horse,0.9400229454040528,109128,51866
4548,not_horse,0.999982476234436,109152,51866
4549,not_horse,0.9999958276748656,109176,51866
4550,not_horse,0.9999957084655762,109200,51866
4551,not_horse,0.9999773502349854,109224,51866
4552,not_horse,0.9999921321868896,109248,51866
4553,not_horse,0.9999933242797852,109272,51866
4554,not_horse,0.9999783039093018,109296,51866
4555,not_horse,0.999255120754242,109320,51866
4556,not_horse,0.9987146854400636,109344,51866
4557,not_horse,0.9989564418792723,109368,51866
4558,not_horse,0.9988834261894226,109392,51866
4559,not_horse,1.0,109416,51866
4560,not_horse,0.9999998807907104,109440,51866
4561,not_horse,0.9999998807907104,109464,51866
4562,not_horse,0.9999985694885254,109488,51866
4563,not_horse,0.9990731477737428,109512,51866
4564,not_horse,0.999969720840454,109536,51866
4565,not_horse,0.9999858140945436,109560,51866
4566,not_horse,0.9999797344207764,109584,51866
4567,not_horse,0.9997145533561708,109608,51866
4568,not_horse,0.999990940093994,109632,51866
4569,not_horse,0.9999996423721312,109656,51866
4570,not_horse,0.9999998807907104,109680,51866
4571,not_horse,0.9949341416358948,109704,51866
4572,not_horse,0.999986171722412,109728,51866
4573,not_horse,0.9381797909736632,109752,51866
4574,not_horse,0.9991195797920228,109776,51866
4575,not_horse,0.9999408721923828,109800,51866
4576,not_horse,0.9999955892562866,109824,51866
4577,not_horse,0.9999992847442628,109848,51866
4578,not_horse,1.0,109872,51866
4579,not_horse,0.9999923706054688,109896,51866
4580,not_horse,0.999868869781494,109920,51866
4581,not_horse,0.9999974966049194,109944,51866
4582,not_horse,0.999997854232788,109968,51866
4583,not_horse,0.996244728565216,109992,51866
4584,not_horse,0.9992738366127014,110016,51866
4585,not_horse,0.9991361498832704,110040,51866
4586,not_horse,0.9995972514152528,110064,51866
4587,not_horse,0.8922967314720154,110088,51866
4588,not_horse,0.9999959468841552,110112,51866
4589,not_horse,0.9998480081558228,110136,51866
4590,not_horse,0.9999561309814452,110160,51866
4591,not_horse,0.9999977350234984,110184,51866
4592,not_horse,0.9999997615814208,110208,51866
4593,not_horse,0.9999992847442628,110232,51866
4594,not_horse,0.9998613595962524,110256,51866
4595,not_horse,0.9999980926513672,110280,51866
4596,not_horse,0.998538613319397,110304,51866
4597,not_horse,0.9988657236099244,110328,51866
4598,not_horse,0.9915701150894164,110352,51866
4599,not_horse,0.9714151620864868,110376,51866
4600,not_horse,0.997364342212677,110400,51866
4601,not_horse,0.990487277507782,110424,51866
4602,not_horse,0.9810489416122437,110448,51866
4603,not_horse,0.9872331619262696,110472,51866
4604,not_horse,0.9980910420417786,110496,51866
4605,not_horse,0.9886610507965088,110520,51866
4606,not_horse,0.9977903366088868,110544,51866
4607,not_horse,0.9929612278938292,110568,51866
4608,not_horse,0.996709942817688,110592,51866
4609,horse,0.3300234973430633,110616,51866
4610,not_horse,0.9791923761367798,110640,51866
4611,horse,0.3439414203166961,110664,51866
4612,horse,0.0713388249278068,110688,51866
4613,not_horse,0.8514955639839172,110712,51866
4614,not_horse,0.8994430303573608,110736,51866
4615,not_horse,0.9080932736396792,110760,51866
4616,horse,0.174046441912651,110784,51866
4617,not_horse,0.9947346448898317,110808,51866
4618,not_horse,0.9925329685211182,110832,51866
4619,not_horse,0.9995976090431212,110856,51866
4620,not_horse,0.9994311928749084,110880,51866
4621,not_horse,0.989992082118988,110904,51866
4622,not_horse,0.9779112935066224,110928,51866
4623,not_horse,0.9991278052330016,110952,51866
4624,not_horse,0.8356847167015076,110976,51866
4625,not_horse,0.9827483296394348,111000,51866
4626,not_horse,0.9999879598617554,111024,51866
4627,not_horse,0.999995231628418,111048,51866
4628,not_horse,0.9997751116752625,111072,51866
4629,not_horse,0.9986954331398008,111096,51866
4630,not_horse,0.998078465461731,111120,51866
4631,not_horse,0.999988317489624,111144,51866
4632,not_horse,0.9996515512466432,111168,51866
4633,not_horse,0.9970600008964542,111192,51866
4634,not_horse,0.942009210586548,111216,51866
4635,not_horse,0.9910995364189148,111240,51866
4636,not_horse,0.9983935952186584,111264,51866
4637,not_horse,0.9911289215087892,111288,51866
4638,not_horse,0.9996864795684814,111312,51866
4639,not_horse,0.9990394711494446,111336,51866
4640,horse,0.4010807871818543,111360,51866
4641,not_horse,0.9996716976165771,111384,51866
4642,not_horse,0.9978858828544616,111408,51866
4643,not_horse,0.9942025542259216,111432,51866
4644,not_horse,0.9936142563819884,111456,51866
4645,not_horse,0.9996051192283628,111480,51866
4646,not_horse,0.995425283908844,111504,51866
4647,not_horse,0.9997735619544984,111528,51866
4648,not_horse,0.9999598264694214,111552,51866
4649,not_horse,0.74144047498703,111576,51866
4650,not_horse,0.9740017056465148,111600,51866
4651,not_horse,0.998084545135498,111624,51866
4652,not_horse,0.9837749600410458,111648,51866
4653,not_horse,0.9938177466392516,111672,51866
4654,not_horse,0.999648928642273,111696,51866
4655,not_horse,0.9999996423721312,111720,51866
4656,not_horse,0.9987875819206238,111744,51866
4657,not_horse,0.9997598528862,111768,51866
4658,not_horse,0.9988917708396912,111792,51866
4659,not_horse,0.6596657037734985,111816,51866
4660,not_horse,0.9997313618659972,111840,51866
4661,not_horse,0.963166356086731,111864,51866
4662,not_horse,0.8861455321311951,111888,51866
4663,not_horse,0.9999045133590698,111912,51866
4664,not_horse,0.9999988079071044,111936,51866
4665,not_horse,0.999991774559021,111960,51866
4666,not_horse,0.9921964406967164,111984,51866
4667,not_horse,0.9935252666473388,112008,51866
4668,not_horse,0.99919456243515,112032,51866
4669,not_horse,0.9995606541633606,112056,51866
4670,not_horse,0.9294947981834412,112080,51866
4671,not_horse,0.9999865293502808,112104,51866
4672,not_horse,0.9955871105194092,112128,51866
4673,not_horse,0.96821129322052,112152,51866
4674,not_horse,0.9925323128700256,112176,51866
4675,not_horse,0.979597508907318,112200,51866
4676,not_horse,0.9994811415672302,112224,51866
4677,not_horse,0.9991705417633056,112248,51866
4678,not_horse,0.9826887845993042,112272,51866
4679,not_horse,0.9987338185310364,112296,51866
4680,not_horse,0.9036030769348145,112320,51866
4681,horse,0.4110263884067536,112344,51866
4682,horse,0.3458986580371857,112368,51866
4683,not_horse,0.9999270439147948,112392,51866
4684,not_horse,0.9979233145713806,112416,51866
4685,not_horse,0.992646336555481,112440,51866
4686,not_horse,0.9999992847442628,112464,51866
4687,not_horse,0.7786112427711487,112488,51866
4688,not_horse,0.9996647834777832,112512,51866
4689,not_horse,0.9880470037460328,112536,51866
4690,not_horse,0.9998403787612916,112560,51866
4691,not_horse,0.9999773502349854,112584,51866
4692,not_horse,0.9571921229362488,112608,51866
4693,not_horse,0.9995294809341432,112632,51866
4694,not_horse,0.980554223060608,112656,51866
4695,not_horse,0.9983610510826112,112680,51866
4696,not_horse,0.5872133374214172,112704,51866
4697,not_horse,0.999997854232788,112728,51866
4698,not_horse,0.9999920129776,112752,51866
4699,not_horse,0.998857855796814,112776,51866
4700,not_horse,0.9900249242782592,112800,51866
4701,not_horse,0.9533913135528564,112824,51866
4702,not_horse,0.9999616146087646,112848,51866
4703,not_horse,0.9912380576133728,112872,51866
4704,not_horse,0.999739110469818,112896,51866
4705,not_horse,0.9999806880950928,112920,51866
4706,horse,0.3364912867546081,112944,51866
4707,not_horse,0.7553353905677795,112968,51866
4708,not_horse,0.8056833148002625,112992,51866
4709,not_horse,0.7244560122489929,113016,51866
4710,not_horse,0.9988988637924194,113040,51866
4711,not_horse,0.998577356338501,113064,51866
4712,not_horse,0.9964422583580016,113088,51866
4713,not_horse,0.9985466599464417,113112,51866
4714,not_horse,0.9989317059516908,113136,51866
4715,not_horse,0.999592125415802,113160,51866
4716,not_horse,0.9993566870689392,113184,51866
4717,not_horse,0.9978175163269044,113208,51866
4718,not_horse,0.9980668425559998,113232,51866
4719,not_horse,0.995899498462677,113256,51866
4720,not_horse,0.9988124370574952,113280,51866
4721,not_horse,0.8332124352455139,113304,51866
4722,not_horse,0.9521139860153198,113328,51866
4723,not_horse,0.7978696227073669,113352,51866
4724,not_horse,0.795704185962677,113376,51866
4725,horse,0.2123759984970092,113400,51866
4726,not_horse,0.8269218802452087,113424,51866
4727,not_horse,0.5789682865142822,113448,51866
4728,not_horse,0.7166081666946411,113472,51866
4729,not_horse,0.5267996191978455,113496,51866
4730,not_horse,0.599281370639801,113520,51866
4731,not_horse,0.9181842803955078,113544,51866
4732,not_horse,0.7649343609809875,113568,51866
4733,not_horse,0.965884566307068,113592,51866
4734,not_horse,0.7987598776817322,113616,51866
4735,not_horse,0.8760019540786743,113640,51866
4736,not_horse,0.9159305095672609,113664,51866
4737,not_horse,0.7616351842880249,113688,51866
4738,not_horse,0.9992017149925232,113712,51866
4739,not_horse,0.999785840511322,113736,51866
4740,not_horse,0.9975862503051758,113760,51866
4741,not_horse,0.9991436004638672,113784,51866
4742,not_horse,0.9998323917388916,113808,51866
4743,not_horse,0.9717347621917723,113832,51866
4744,not_horse,0.97592031955719,113856,51866
4745,not_horse,0.936296820640564,113880,51866
4746,not_horse,0.9999871253967284,113904,51866
4747,not_horse,0.9984045624732972,113928,51866
4748,not_horse,0.9826578497886658,113952,51866
4749,not_horse,0.9977747797966005,113976,51866
4750,not_horse,0.9999940395355223,114000,51866
4751,not_horse,0.9999995231628418,114024,51866
4752,not_horse,1.0,114048,51866
4753,not_horse,0.9999986886978148,114072,51866
4754,not_horse,0.9999991655349731,114096,51866
4755,not_horse,0.9999998807907104,114120,51866
4756,not_horse,0.5611191987991333,114144,51866
4757,not_horse,0.9999958276748656,114168,51866
4758,not_horse,0.9999558925628662,114192,51866
4759,not_horse,0.9995777010917664,114216,51866
4760,not_horse,0.999857783317566,114240,51866
4761,not_horse,0.8350348472595215,114264,51866
4762,not_horse,0.9859291911125184,114288,51866
4763,not_horse,0.99998939037323,114312,51866
4764,not_horse,0.9999412298202516,114336,51866
4765,not_horse,0.9979592561721802,114360,51866
4766,not_horse,0.9994545578956604,114384,51866
4767,not_horse,0.9982864260673524,114408,51866
4768,not_horse,0.9983420372009276,114432,51866
4769,not_horse,0.9979957342147828,114456,51866
4770,not_horse,0.9997374415397644,114480,51866
4771,not_horse,0.966394305229187,114504,51866
4772,not_horse,0.9988307356834412,114528,51866
4773,not_horse,0.9971466660499572,114552,51866
4774,not_horse,0.9725373387336732,114576,51866
4775,not_horse,0.999997854232788,114600,51866
4776,not_horse,0.9997286200523376,114624,51866
4777,not_horse,0.9996726512908936,114648,51866
4778,not_horse,0.9966698288917542,114672,51866
4779,not_horse,0.9990623593330384,114696,51866
4780,not_horse,0.9996670484542848,114720,51866
4781,not_horse,0.984509527683258,114744,51866
4782,not_horse,0.9525418877601624,114768,51866
4783,not_horse,0.9796762466430664,114792,51866
4784,not_horse,0.9999170303344728,114816,51866
4785,not_horse,0.981115460395813,114840,51866
4786,not_horse,0.9987974166870116,114864,51866
4787,not_horse,0.9999723434448242,114888,51866
4788,not_horse,0.9999204874038696,114912,51866
4789,not_horse,0.9999998807907104,114936,51866
4790,not_horse,1.0,114960,51866
4791,not_horse,0.9999576807022096,114984,51866
4792,not_horse,0.999651312828064,115008,51866
4793,not_horse,0.9999516010284424,115032,51866
4794,not_horse,0.9992592930793762,115056,51866
4795,not_horse,0.9999996423721312,115080,51866
4796,not_horse,0.9992340803146362,115104,51866
4797,not_horse,0.9979378581047058,115128,51866
4798,not_horse,0.9999969005584716,115152,51866
4799,not_horse,0.9990137815475464,115176,51866
4800,not_horse,0.9934321641921996,115200,51866
4801,not_horse,0.998160183429718,115224,51866
4802,not_horse,0.9996800422668456,115248,51866
4803,not_horse,0.999998927116394,115272,51866
4804,not_horse,0.9992419481277466,115296,51866
4805,not_horse,0.9998329877853394,115320,51866
4806,not_horse,0.9999996423721312,115344,51866
4807,not_horse,0.9998514652252196,115368,51866
4808,not_horse,0.9994580149650574,115392,51866
4809,not_horse,0.999874234199524,115416,51866
4810,not_horse,0.9993299245834352,115440,51866
4811,not_horse,0.9999810457229614,115464,51866
4812,not_horse,0.999907374382019,115488,51866
4813,not_horse,0.9999955892562866,115512,51866
4814,not_horse,0.9999991655349731,115536,51866
4815,not_horse,0.999994158744812,115560,51866
4816,not_horse,0.9999982118606568,115584,51866
4817,not_horse,0.9974181652069092,115608,51866
4818,not_horse,0.997192919254303,115632,51866
4819,not_horse,0.997873306274414,115656,51866
4820,not_horse,0.9997252821922302,115680,51866
4821,not_horse,0.9999873638153076,115704,51866
4822,not_horse,0.9662998914718628,115728,51866
4823,not_horse,0.9585506916046144,115752,51866
4824,not_horse,0.9942572116851808,115776,51866
4825,not_horse,0.6925036311149597,115800,51866
4826,not_horse,0.9999858140945436,115824,51866
4827,not_horse,0.9650055766105652,115848,51866
4828,not_horse,0.999213457107544,115872,51866
4829,not_horse,0.9988711476325988,115896,51866
4830,not_horse,0.9999992847442628,115920,51866
4831,not_horse,0.9974244832992554,115944,51866
4832,not_horse,0.9547070264816284,115968,51866
4833,not_horse,0.9999581575393676,115992,51866
4834,not_horse,0.999009132385254,116016,51866
4835,not_horse,0.9998464584350586,116040,51866
4836,not_horse,0.9994906187057496,116064,51866
4837,not_horse,0.9997854828834534,116088,51866
4838,not_horse,0.99947589635849,116112,51866
4839,not_horse,0.9999986886978148,116136,51866
4840,not_horse,0.9999986886978148,116160,51866
4841,not_horse,0.9999659061431884,116184,51866
4842,not_horse,0.99994957447052,116208,51866
4843,not_horse,0.998647153377533,116232,51866
4844,not_horse,0.9960946440696716,116256,51866
4845,not_horse,0.9999995231628418,116280,51866
4846,not_horse,0.998479664325714,116304,51866
4847,not_horse,0.9998923540115356,116328,51866
4848,not_horse,0.9999943971633912,116352,51866
4849,not_horse,0.9998528957366944,116376,51866
4850,not_horse,0.999502182006836,116400,51866
4851,not_horse,0.9980880618095398,116424,51866
4852,not_horse,0.9960432052612304,116448,51866
4853,not_horse,0.999992609024048,116472,51866
4854,not_horse,0.9889793395996094,116496,51866
4855,not_horse,0.9418672919273376,116520,51866
4856,not_horse,0.993491232395172,116544,51866
4857,not_horse,0.9675635099411012,116568,51866
4858,not_horse,0.9999947547912598,116592,51866
4859,not_horse,0.9999557733535768,116616,51866
4860,not_horse,0.9984642267227172,116640,51866
4861,not_horse,0.9924907088279724,116664,51866
4862,not_horse,0.9935420751571656,116688,51866
4863,not_horse,0.9995865225791932,116712,51866
4864,not_horse,0.9999884366989136,116736,51866
4865,not_horse,0.999810516834259,116760,51866
4866,not_horse,0.9999562501907348,116784,51866
4867,not_horse,0.9999834299087524,116808,51866
4868,not_horse,0.9926303625106812,116832,51866
4869,not_horse,0.9999659061431884,116856,51866
4870,not_horse,0.9998806715011596,116880,51866
4871,not_horse,0.9999014139175416,116904,51866
4872,not_horse,0.9394676089286804,116928,51866
4873,not_horse,0.9994484782218932,116952,51866
4874,not_horse,0.9998376369476318,116976,51866
4875,not_horse,0.999961256980896,117000,51866
4876,not_horse,0.9999903440475464,117024,51866
4877,not_horse,0.999900221824646,117048,51866
4878,not_horse,0.9997451901435852,117072,51866
4879,not_horse,0.9926292896270752,117096,51866
4880,not_horse,0.9998879432678224,117120,51866
4881,horse,0.2796553075313568,117144,51866
4882,not_horse,0.5009030103683472,117168,51866
4883,horse,0.2581734657287597,117192,51866
4884,not_horse,0.9189056754112244,117216,51866
4885,not_horse,0.983027160167694,117240,51866
4886,not_horse,0.8165201544761658,117264,51866
4887,not_horse,0.9988866448402404,117288,51866
4888,not_horse,0.9788670539855956,117312,51866
4889,not_horse,0.998332679271698,117336,51866
4890,not_horse,0.8686932921409607,117360,51866
4891,not_horse,0.7250046730041504,117384,51866
4892,not_horse,0.8920558094978333,117408,51866
4893,not_horse,0.9989043474197388,117432,51866
4894,not_horse,0.9999995231628418,117456,51866
4895,not_horse,0.9998295307159424,117480,51866
4896,not_horse,0.9999712705612184,117504,51866
4897,not_horse,0.9999902248382568,117528,51866
4898,not_horse,0.9999059438705444,117552,51866
4899,not_horse,0.999990940093994,117576,51866
4900,not_horse,0.999964952468872,117600,51866
4901,not_horse,0.9999903440475464,117624,51866
4902,not_horse,0.99980229139328,117648,51866
4903,not_horse,0.9943777918815612,117672,51866
4904,not_horse,0.999794900417328,117696,51866
4905,not_horse,0.995860993862152,117720,51866
4906,not_horse,0.9871654510498048,117744,51866
4907,not_horse,0.9998645782470704,117768,51866
4908,not_horse,0.9999998807907104,117792,51866
4909,horse,0.4366065859794617,117816,51866
4910,not_horse,0.9726532697677612,117840,51866
4911,not_horse,0.8881354331970215,117864,51866
4912,not_horse,0.9061701893806458,117888,51866
4913,not_horse,0.9912154674530028,117912,51866
4914,not_horse,0.9436747431755066,117936,51866
4915,not_horse,0.9282199740409852,117960,51866
4916,not_horse,0.6393784880638123,117984,51866
4917,not_horse,0.9999955892562866,118008,51866
4918,not_horse,0.9999997615814208,118032,51866
4919,not_horse,0.99999737739563,118056,51866
4920,not_horse,0.9999953508377076,118080,51866
4921,not_horse,0.999958038330078,118104,51866
4922,not_horse,0.9999922513961792,118128,51866
4923,not_horse,0.9999951124191284,118152,51866
4924,not_horse,0.9999992847442628,118176,51866
4925,not_horse,0.9989811778068542,118200,51866
4926,not_horse,0.999812662601471,118224,51866
4927,not_horse,0.999964714050293,118248,51866
4928,not_horse,0.9999992847442628,118272,51866
4929,not_horse,0.9989514350891112,118296,51866
4930,not_horse,0.9998714923858644,118320,51866
4931,not_horse,0.9997934699058532,118344,51866
4932,not_horse,0.9999834299087524,118368,51866
4933,not_horse,0.997943103313446,118392,51866
4934,not_horse,0.9994764924049376,118416,51866
4935,not_horse,0.9984143972396852,118440,51866
4936,not_horse,0.9912840127944946,118464,51866
4937,not_horse,0.9956814050674438,118488,51866
4938,not_horse,0.9987149238586426,118512,51866
4939,not_horse,0.9976630210876464,118536,51866
4940,not_horse,0.9244174957275392,118560,51866
4941,not_horse,0.9982359409332277,118584,51866
4942,not_horse,0.9974241256713868,118608,51866
4943,not_horse,0.999584138393402,118632,51866
4944,not_horse,0.7633262872695923,118656,51866
4945,not_horse,0.9998941421508788,118680,51866
4946,not_horse,0.9999992847442628,118704,51866
4947,not_horse,0.9980767965316772,118728,51866
4948,not_horse,0.9796072244644164,118752,51866
4949,not_horse,0.9998860359191896,118776,51866
4950,not_horse,0.9996765851974488,118800,51866
4951,not_horse,0.9869601726531982,118824,51866
4952,not_horse,0.7537080645561218,118848,51866
4953,not_horse,0.8022158145904541,118872,51866
4954,not_horse,0.9492946267127992,118896,51866
4955,not_horse,0.996909201145172,118920,51866
4956,not_horse,0.9999984502792358,118944,51866
4957,not_horse,0.999988317489624,118968,51866
4958,not_horse,0.978821873664856,118992,51866
4959,not_horse,0.9954802989959716,119016,51866
4960,not_horse,0.9999828338623048,119040,51866
4961,not_horse,0.9993122816085817,119064,51866
4962,not_horse,0.9983905553817748,119088,51866
4963,not_horse,0.9990065693855286,119112,51866
4964,not_horse,0.9950822591781616,119136,51866
4965,not_horse,0.9999322891235352,119160,51866
4966,horse,0.4130400121212005,119184,51866
4967,not_horse,0.9692156314849854,119208,51866
4968,not_horse,0.9937384128570556,119232,51866
4969,not_horse,0.999996781349182,119256,51866
4970,not_horse,0.9553887248039246,119280,51866
4971,not_horse,0.9999696016311646,119304,51866
4972,not_horse,0.9999525547027588,119328,51866
4973,not_horse,0.9999781847000122,119352,51866
4974,not_horse,0.9959114789962769,119376,51866
4975,not_horse,0.9999998807907104,119400,51866
4976,not_horse,0.9999959468841552,119424,51866
4977,not_horse,0.9904068112373352,119448,51866
4978,not_horse,0.9892032742500304,119472,51866
4979,not_horse,0.9923495054244996,119496,51866
4980,not_horse,0.9856864809989928,119520,51866
4981,not_horse,0.9850311279296876,119544,51866
4982,not_horse,0.984447717666626,119568,51866
4983,not_horse,0.9724470973014832,119592,51866
4984,not_horse,0.999968647956848,119616,51866
4985,not_horse,0.8590676188468933,119640,51866
4986,not_horse,0.9849356412887572,119664,51866
4987,not_horse,0.9765489101409912,119688,51866
4988,not_horse,0.9497564435005188,119712,51866
4989,horse,0.2889495491981506,119736,51866
4990,not_horse,0.9984517097473145,119760,51866
4991,not_horse,0.988240122795105,119784,51866
4992,not_horse,0.9888228178024292,119808,51866
4993,not_horse,0.9945557117462158,119832,51866
4994,not_horse,0.9978627562522888,119856,51866
4995,not_horse,0.9982574582099916,119880,51866
4996,not_horse,0.9985814094543456,119904,51866
4997,not_horse,0.9385554790496826,119928,51866
4998,not_horse,0.9342917799949646,119952,51866
4999,not_horse,0.9762665033340454,119976,51866
5000,not_horse,0.9890121221542358,120000,51866
5001,not_horse,0.9999982118606568,120024,51866
5002,not_horse,0.999998927116394,120048,51866
5003,not_horse,0.99996817111969,120072,51866
5004,not_horse,0.9572041630744934,120096,51866
5005,not_horse,0.9978083968162536,120120,51866
5006,not_horse,0.9997854828834534,120144,51866
5007,not_horse,0.9999570846557616,120168,51866
5008,not_horse,1.0,120192,51866
5009,not_horse,0.999997854232788,120216,51866
5010,not_horse,0.9999996423721312,120240,51866
5011,not_horse,0.9999582767486572,120264,51866
5012,not_horse,0.9998500347137452,120288,51866
5013,not_horse,0.9999839067459106,120312,51866
5014,not_horse,0.9999737739562988,120336,51866
5015,not_horse,0.9999641180038452,120360,51866
5016,not_horse,0.9999562501907348,120384,51866
5017,not_horse,0.9988296627998352,120408,51866
5018,not_horse,0.9982774257659912,120432,51866
5019,not_horse,0.999087929725647,120456,51866
5020,not_horse,0.999219298362732,120480,51866
5021,not_horse,0.9990543723106384,120504,51866
5022,not_horse,0.9995220899581908,120528,51866
5023,not_horse,0.9990302324295044,120552,51866
5024,not_horse,0.9999997615814208,120576,51866
5025,not_horse,0.5591779351234436,120600,51866
5026,not_horse,0.7262780070304871,120624,51866
5027,not_horse,0.850078284740448,120648,51866
5028,not_horse,0.9999997615814208,120672,51866
5029,not_horse,0.9999996423721312,120696,51866
5030,not_horse,0.999958872795105,120720,51866
5031,not_horse,0.9999955892562866,120744,51866
5032,not_horse,0.9958468079566956,120768,51866
5033,not_horse,0.9959225654602052,120792,51866
5034,not_horse,0.9999557733535768,120816,51866
5035,not_horse,0.9999984502792358,120840,51866
5036,not_horse,0.999929666519165,120864,51866
5037,not_horse,0.9999706745147704,120888,51866
5038,not_horse,0.9998953342437744,120912,51866
5039,not_horse,0.9999964237213136,120936,51866
5040,not_horse,0.9989877343177797,120960,51866
5041,not_horse,0.8810175657272339,120984,51866
5042,not_horse,0.976348638534546,121008,51866
5043,not_horse,0.9999977350234984,121032,51866
5044,not_horse,0.9999955892562866,121056,51866
5045,not_horse,0.9999945163726808,121080,51866
5046,not_horse,0.9999678134918212,121104,51866
5047,not_horse,0.9999825954437256,121128,51866
5048,not_horse,1.0,121152,51866
5049,not_horse,0.9999996423721312,121176,51866
5050,not_horse,0.8739650249481201,121200,51866
5051,not_horse,0.999729573726654,121224,51866
5052,not_horse,0.997505247592926,121248,51866
5053,not_horse,0.9718424677848816,121272,51866
5054,not_horse,0.9766978621482848,121296,51866
5055,not_horse,0.9999955892562866,121320,51866
5056,not_horse,0.999975562095642,121344,51866
5057,not_horse,0.9999994039535522,121368,51866
5058,not_horse,0.9999997615814208,121392,51866
5059,not_horse,0.999988317489624,121416,51866
5060,not_horse,0.9999983310699464,121440,51866
5061,not_horse,0.9996896982192992,121464,51866
5062,not_horse,0.9999685287475586,121488,51866
5063,not_horse,0.9999812841415404,121512,51866
5064,not_horse,0.999828577041626,121536,51866
5065,not_horse,0.9996317625045776,121560,51866
5066,not_horse,0.9998949766159058,121584,51866
5067,not_horse,0.9999841451644896,121608,51866
5068,not_horse,0.9980930685997008,121632,51866
5069,not_horse,0.992197036743164,121656,51866
5070,not_horse,0.9998371601104736,121680,51866
5071,not_horse,0.9999997615814208,121704,51866
5072,not_horse,0.9999918937683104,121728,51866
5073,not_horse,0.9999995231628418,121752,51866
5074,not_horse,0.9999979734420776,121776,51866
5075,not_horse,0.9658826589584352,121800,51866
5076,not_horse,0.9993539452552797,121824,51866
5077,not_horse,0.9989169836044312,121848,51866
5078,not_horse,0.9973721504211426,121872,51866
5079,not_horse,0.9998096823692322,121896,51866
5080,not_horse,0.9865742325782776,121920,51866
5081,not_horse,0.9977353811264038,121944,51866
5082,not_horse,0.9973245859146118,121968,51866
5083,not_horse,0.9992464780807496,121992,51866
5084,not_horse,0.9734054803848268,122016,51866
5085,not_horse,0.9828784465789796,122040,51866
5086,not_horse,0.9903448224067688,122064,51866
5087,not_horse,0.9965102076530457,122088,51866
5088,not_horse,0.9985327720642092,122112,51866
5089,not_horse,0.9955980181694032,122136,51866
5090,not_horse,0.9925456643104552,122160,51866
5091,not_horse,0.9937530159950256,122184,51866
5092,not_horse,0.9993956089019777,122208,51866
5093,not_horse,0.979321539402008,122232,51866
5094,not_horse,0.9995624423027042,122256,51866
5095,not_horse,0.9790772795677184,122280,51866
5096,not_horse,0.9352235198020936,122304,51866
5097,not_horse,0.9966182112693788,122328,51866
5098,not_horse,0.9999854564666748,122352,51866
5099,not_horse,0.9601014256477356,122376,51866
5100,not_horse,0.9538557529449464,122400,51866
5101,not_horse,0.72120600938797,122424,51866
5102,not_horse,0.9938987493515016,122448,51866
5103,not_horse,0.9958662986755372,122472,51866
5104,not_horse,0.9972840547561646,122496,51866
5105,not_horse,0.9976689219474792,122520,51866
5106,not_horse,0.9989944100379944,122544,51866
5107,not_horse,0.9959322810173036,122568,51866
5108,not_horse,0.9997175335884094,122592,51866
5109,not_horse,0.9967352747917176,122616,51866
5110,not_horse,0.9987257122993468,122640,51866
5111,not_horse,0.9954689741134644,122664,51866
5112,not_horse,0.9954689741134644,122688,51866
5113,not_horse,0.995962917804718,122712,51866
5114,not_horse,0.9962735176086426,122736,51866
5115,not_horse,0.7400091886520386,122760,51866
5116,horse,0.2949157655239105,122784,51866
5117,not_horse,0.6026458144187927,122808,51866
5118,not_horse,0.8824428915977478,122832,51866
5119,not_horse,0.964405357837677,122856,51866
5120,not_horse,0.9871678948402404,122880,51866
5121,not_horse,0.6158259510993958,122904,51866
5122,not_horse,0.9962674975395204,122928,51866
5123,not_horse,0.8964438438415527,122952,51866
5124,not_horse,0.9879377484321594,122976,51866
5125,not_horse,0.9889288544654846,123000,51866
5126,not_horse,0.9353743195533752,123024,51866
5127,not_horse,0.5316987633705139,123048,51866
5128,not_horse,0.6864752173423767,123072,51866
5129,not_horse,0.8396627902984619,123096,51866
5130,not_horse,0.5702393651008606,123120,51866
5131,not_horse,0.6378973722457886,123144,51866
5132,not_horse,0.8977001905441284,123168,51866
5133,not_horse,0.5408532619476318,123192,51866
5134,not_horse,0.7765075564384459,123216,51866
5135,not_horse,0.7185447216033936,123240,51866
5136,not_horse,0.9885240197181702,123264,51866
5137,not_horse,0.9409444332122804,123288,51866
5138,horse,0.3647815287113189,123312,51866
5139,not_horse,0.9986873269081116,123336,51866
5140,not_horse,0.9998998641967772,123360,51866
5141,not_horse,0.9999995231628418,123384,51866
5142,not_horse,0.9725118279457092,123408,51866
5143,not_horse,0.9961708188056946,123432,51866
5144,not_horse,0.9996800422668456,123456,51866
5145,not_horse,0.9956541061401368,123480,51866
5146,not_horse,0.9992550015449524,123504,51866
5147,not_horse,0.9984820485115052,123528,51866
5148,not_horse,0.9972149133682252,123552,51866
5149,not_horse,0.9980031847953796,123576,51866
5150,not_horse,0.999975323677063,123600,51866
5151,not_horse,0.999947190284729,123624,51866
5152,not_horse,0.9998236298561096,123648,51866
5153,not_horse,0.9954148530960084,123672,51866
5154,not_horse,0.991451859474182,123696,51866
5155,not_horse,0.9918141961097716,123720,51866
5156,not_horse,0.979802668094635,123744,51866
5157,not_horse,0.8860137462615967,123768,51866
5158,not_horse,0.9745116233825684,123792,51866
5159,not_horse,0.9771193861961364,123816,51866
5160,not_horse,0.9405781030654908,123840,51866
5161,not_horse,0.9861406087875366,123864,51866
5162,not_horse,0.9893613457679749,123888,51866
5163,not_horse,0.9446446299552916,123912,51866
5164,not_horse,0.9716660976409912,123936,51866
5165,not_horse,0.7643062472343445,123960,51866
5166,not_horse,0.9736904501914978,123984,51866
5167,not_horse,0.9784566164016724,124008,51866
5168,not_horse,0.9932042360305786,124032,51866
5169,not_horse,0.9836540818214417,124056,51866
5170,not_horse,0.9853882193565368,124080,51866
5171,not_horse,0.9820410013198853,124104,51866
5172,not_horse,0.680191695690155,124128,51866
5173,not_horse,1.0,124152,51866
5174,not_horse,0.9921646118164062,124176,51866
5175,not_horse,0.9999706745147704,124200,51866
5176,not_horse,0.9999144077301024,124224,51866
5177,not_horse,0.9998194575309752,124248,51866
5178,not_horse,0.999866247177124,124272,51866
5179,not_horse,0.9999381303787231,124296,51866
5180,not_horse,0.9998119473457336,124320,51866
5181,not_horse,0.9997994303703308,124344,51866
5182,not_horse,0.9995179176330566,124368,51866
5183,not_horse,0.9966512322425842,124392,51866
5184,not_horse,1.0,124416,51866
